8
943
190 236
194 243
186 257
214 246
219 249
170 243
188 246
190 246
192 241
194 237
208 239
168 241
188 236
198 239
199 247
201 236
203 240
172 239
173 247
177 252
197 241
201 246
191 246
216 248
209 237
210 245
181 248
182 254
185 253
186 245
204 244
206 240
175 249
179 250
180 244
175 256
184 239
180 256
215 245
174 239
170 250
189 249
190 249
193 254
213 243
183 254
168 248
187 251
199 236
192 238
202 237
177 257
173 240
177 245
178 253
196 236
197 250
198 248
167 241
202 247
171 242
172 252
191 255
187 256
182 241
186 252
204 243
205 251
206 251
207 235
209 248
219 245
180 243
223 248
184 246
203 242
215 242
174 246
219 247
189 242
193 247
194 255
195 247
214 250
165 242
183 247
169 247
187 240
189 236
203 238
163 240
208 243
183 237
177 238
178 244
178 257
198 243
200 238
172 251
176 254
196 241
183 258
200 244
216 246
204 234
205 244
207 240
209 241
211 245
180 250
181 244
184 253
185 241
174 249
175 245
220 246
179 238
218 249
194 246
195 252
169 248
170 246
188 249
192 252
212 247
213 239
217 244
178 239
187 239
197 236
199 248
202 249
203 253
221 246
172 242
173 252
191 237
176 245
177 249
196 248
197 246
166 241
201 243
205 237
207 249
208 237
211 250
181 253
185 250
206 239
174 256
175 242
179 256
179 247
180 239
194 241
214 244
170 241
188 240
189 254
190 244
192 243
193 251
194 235
164 240
217 249
168 243
188 238
198 237
199 241
200 251
201 250
173 245
177 242
201 244
191 240
210 243
182 252
216 244
186 243
204 246
206 246
207 236
175 251
179 252
180 246
184 241
180 258
215 247
170 248
189 247
190 255
193 252
195 240
213 241
183 248
187 253
199 238
202 235
203 235
217 246
178 251
196 238
197 248
198 254
167 243
202 245
171 244
191 249
176 249
196 244
182 247
186 250
204 237
205 249
206 249
207 245
211 238
180 253
184 248
185 238
184 257
174 244
175 238
189 240
193 245
194 253
195 249
213 250
214 248
165 240
183 241
218 247
169 245
187 242
188 252
193 239
208 245
183 239
178 242
198 241
199 253
202 252
172 245
176 240
196 243
220 245
200 246
217 247
205 242
207 242
209 247
211 247
181 242
184 255
185 247
186 239
206 234
174 255
175 247
201 253
179 240
194 244
195 254
214 243
170 244
188 251
190 243
192 254
194 238
212 241
208 236
199 250
201 239
173 250
191 239
176 247
177 255
196 250
197 244
200 253
201 241
171 248
196 235
191 245
205 235
207 251
210 246
181 251
182 251
185 248
186 246
204 249
206 237
175 252
179 258
179 249
201 251
215 248
168 239
188 242
189 252
190 250
192 245
193 249
212 248
213 246
164 242
183 253
168 245
176 257
199 243
202 238
203 244
173 243
208 249
176 238
177 240
178 254
197 253
167 244
171 241
191 242
210 241
182 242
186 241
204 240
206 244
207 238
209 251
179 254
180 240
181 238
184 243
195 236
215 241
174 243
181 257
189 245
190 253
200 250
193 242
195 242
183 250
169 242
187 255
189 239
203 237
208 240
178 249
178 258
198 252
200 235
202 243
171 246
172 248
191 251
176 251
196 246
183 257
200 241
182 245
186 248
204 239
205 247
207 247
211 240
180 255
181 247
182 239
184 250
174 250
182 257
194 251
195 251
213 248
183 243
218 245
187 244
188 254
192 249
193 237
212 244
208 247
178 240
197 239
198 247
202 250
203 248
171 239
172 247
176 242
196 253
166 242
205 240
207 252
209 245
211 249
181 240
185 245
186 237
204 252
174 253
175 241
179 242
190 239
194 242
186 256
214 241
170 242
188 245
190 241
192 240
194 236
212 243
208 238
168 240
198 238
199 244
201 237
212 250
203 241
173 248
177 253
197 242
166 245
201 247
171 250
200 248
191 247
209 238
210 244
181 249
182 249
185 254
186 244
204 251
206 243
175 254
179 251
175 257
184 238
215 250
216 243
189 250
190 248
192 247
193 255
162 240
213 244
183 255
168 247
187 248
199 237
192 237
202 236
203 246
177 258
173 241
208 251
177 246
178 252
197 251
198 251
167 246
202 246
171 243
191 252
216 249
187 257
210 239
182 240
186 255
204 242
205 252
206 250
209 249
211 237
180 242
184 245
195 238
215 243
174 241
189 243
193 240
194 254
195 244
165 243
183 244
169 240
187 241
189 237
203 239
212 239
163 241
208 242
177 239
178 247
178 256
198 242
200 237
202 241
172 250
176 253
196 240
200 243
205 245
207 241
209 242
211 242
180 249
181 245
182 237
184 252
185 242
174 248
170 239
179 239
185 256
194 249
195 253
169 249
187 246
188 248
192 251
212 246
178 238
197 237
198 245
199 249
201 234
202 248
203 250
221 247
172 241
173 253
176 244
177 250
197 247
166 240
216 247
205 238
210 251
211 251
181 254
185 251
206 238
175 243
179 257
179 244
180 238
190 237
194 240
214 247
219 248
170 240
188 247
189 255
190 247
192 242
168 242
188 237
198 236
199 246
203 243
173 246
177 243
197 240
201 245
171 252
191 241
209 236
210 242
182 255
185 252
186 242
204 245
206 241
207 237
175 248
179 253
180 245
184 240
180 257
195 235
215 244
189 248
190 254
193 253
195 241
213 242
183 249
187 250
199 239
192 239
202 234
177 256
173 239
177 244
178 250
196 237
197 249
198 249
167 240
202 244
171 245
172 253
191 254
176 248
210 237
182 246
216 245
186 253
204 236
205 250
206 248
207 234
211 239
180 252
184 247
185 239
184 256
174 247
175 239
219 246
220 248
189 241
182 258
193 246
194 252
195 246
165 241
183 246
218 246
169 246
187 243
217 245
208 244
178 245
198 240
200 239
172 244
176 255
196 242
200 245
204 235
205 243
207 243
209 240
211 244
180 251
181 243
184 254
185 240
186 238
174 254
175 244
220 247
179 241
194 247
195 255
214 242
170 247
188 250
190 242
192 253
212 240
208 235
187 238
197 235
198 235
199 251
203 252
172 243
173 251
191 236
176 246
177 248
196 249
197 245
200 252
201 242
171 249
205 236
207 248
190 256
210 249
181 252
182 250
185 249
204 248
206 236
175 253
201 252
179 246
214 245
215 249
218 248
188 241
189 253
190 245
192 244
193 250
213 247
164 241
168 244
188 239
176 256
199 240
203 245
173 244
208 248
177 241
197 254
167 245
191 243
210 240
182 253
186 240
204 247
206 247
207 239
175 250
179 255
180 247
181 239
184 242
195 237
215 246
174 242
181 258
170 249
189 246
190 252
193 243
195 243
213 240
183 251
169 243
187 252
203 234
178 248
196 239
167 242
202 242
171 247
191 248
176 250
196 245
200 240
182 244
186 251
204 238
205 248
207 244
211 241
180 254
182 238
184 249
185 237
174 245
182 256
193 244
194 250
195 248
213 249
214 249
183 240
218 244
169 244
187 245
188 253
192 248
193 238
208 246
183 238
178 243
198 246
199 252
202 253
203 249
172 246
176 241
196 252
200 247
189 256
205 241
209 246
211 246
181 241
185 246
206 235
174 252
175 246
179 243
190 238
194 245
214 240
170 245
188 244
190 240
192 255
194 239
212 242
191 256
216 242
199 245
201 238
173 249
191 238
177 254
196 251
197 243
166 244
201 240
171 251
210 248
191 244
205 234
207 250
209 239
210 247
181 250
182 248
185 255
186 247
204 250
206 242
175 255
179 248
184 237
201 248
188 243
189 251
190 251
192 246
193 248
212 249
213 245
164 243
183 252
168 246
222 247
187 249
176 258
199 242
192 236
202 239
203 247
173 242
208 250
176 239
177 247
178 255
197 252
198 250
167 247
171 240
200 249
191 253
210 238
182 243
186 254
204 241
206 245
209 250
180 241
181 237
184 244
195 239
174 240
181 256
169 239
189 244
193 241
195 245
165 244
183 245
169 241
187 254
189 238
199 235
203 236
212 238
208 241
178 246
198 253
200 236
202 240
172 249
191 250
176 252
196 247
183 256
200 242
188 256
186 249
205 246
206 252
207 246
209 243
211 243
180 248
181 246
184 251
185 243
222 248
174 251
185 257
194 248
195 250
217 248
183 242
187 247
188 255
192 250
193 236
212 245
178 241
187 237
197 238
198 244
199 254
201 235
202 251
203 251
221 248
172 240
173 254
176 243
177 251
196 254
166 243
217 243
201 249
205 239
209 244
210 250
211 248
181 255
185 244
175 240
179 245
919
194 243
214 246
170 243
188 246
190 246
192 241
194 237
164 246
208 239
168 241
198 239
199 247
173 256
203 240
173 247
177 252
197 241
167 248
171 253
191 246
216 248
209 237
210 245
181 248
182 254
185 253
186 245
204 244
206 240
175 249
179 250
180 244
175 256
184 239
180 256
215 245
170 250
189 249
190 249
193 254
213 243
183 254
168 248
187 251
199 236
192 238
202 237
177 257
173 240
177 245
178 253
196 236
197 250
198 248
167 241
202 247
171 242
172 252
210 236
182 241
186 252
204 243
205 251
206 251
207 235
209 248
211 236
180 243
184 246
215 242
174 246
219 247
189 242
193 247
195 247
165 242
183 247
169 247
187 240
201 236
203 238
208 243
178 244
178 257
198 243
200 238
172 251
176 254
196 241
200 244
216 246
223 247
205 244
207 240
209 241
211 245
180 250
181 244
184 253
185 241
174 249
175 245
220 246
194 246
195 252
169 248
170 246
188 249
192 252
212 247
213 239
208 234
172 256
178 239
187 239
197 236
199 248
202 249
221 246
172 242
173 252
191 237
176 245
177 249
196 248
197 246
200 251
201 243
205 237
207 249
209 234
210 248
211 250
181 253
216 239
185 250
206 239
174 256
175 242
179 256
179 247
180 239
194 241
214 244
170 241
188 240
189 254
190 244
192 243
193 251
162 244
214 238
168 243
188 238
198 237
199 241
201 238
203 242
201 250
173 245
177 242
167 250
171 255
191 240
210 243
182 252
216 244
186 243
204 246
206 246
207 236
175 251
179 252
180 246
175 258
184 241
215 247
170 248
189 247
190 255
193 252
195 240
213 241
165 247
183 248
168 250
187 253
199 238
202 235
203 235
217 246
178 251
196 238
197 248
167 243
202 245
171 244
172 254
191 249
176 249
196 244
210 234
182 247
186 250
204 237
205 249
206 249
207 245
211 238
180 253
184 248
185 238
174 244
189 240
193 245
194 253
195 249
214 248
183 241
218 247
169 245
187 242
188 252
217 247
193 239
163 242
208 245
183 239
178 242
198 241
202 252
172 245
176 240
196 243
200 246
214 241
215 239
205 242
207 242
209 247
211 247
181 242
215 238
184 255
185 247
186 239
206 234
174 255
175 247
179 240
194 244
214 243
170 244
188 251
190 243
192 254
194 238
212 241
213 237
208 236
199 250
201 239
200 252
173 250
191 239
176 247
177 255
196 250
197 244
166 247
201 241
171 248
191 245
205 235
210 246
181 251
182 251
185 248
186 246
204 249
206 237
175 252
179 249
201 251
215 248
188 242
189 252
190 250
192 245
193 249
162 242
213 246
164 242
183 253
168 245
176 257
199 243
202 238
203 244
173 243
208 249
177 240
178 254
197 253
167 244
171 241
191 242
210 241
182 242
186 241
204 240
206 244
207 238
211 235
179 254
180 240
184 243
216 240
195 236
215 241
174 243
181 257
189 245
190 253
193 242
195 242
165 245
183 250
168 252
169 242
187 255
189 239
203 237
212 237
208 240
214 237
178 249
198 252
200 235
202 243
171 246
172 248
191 251
176 251
196 246
200 241
182 245
186 248
204 239
205 247
207 247
211 240
180 255
181 247
182 239
184 250
174 250
194 251
195 251
213 248
183 243
218 245
169 251
187 244
188 254
192 249
193 237
212 244
163 244
208 247
178 240
197 239
198 247
202 250
203 248
172 247
173 255
176 242
196 253
166 242
205 240
209 245
161 243
181 240
185 245
174 253
175 241
179 242
190 239
194 242
186 256
201 248
169 252
170 242
188 245
190 241
192 240
194 236
212 243
164 245
208 238
198 238
199 244
173 257
203 241
217 240
173 248
177 253
197 242
166 245
167 249
171 250
200 248
191 247
209 238
210 244
181 249
182 249
185 254
186 244
204 251
206 243
175 254
179 251
175 257
184 238
216 243
170 253
189 250
190 248
192 247
213 244
183 255
168 247
187 248
199 237
192 237
202 236
203 246
177 258
173 241
177 246
178 252
197 251
198 251
167 246
202 246
171 243
191 252
210 239
182 240
186 255
204 242
206 250
209 249
211 237
180 242
184 245
195 238
215 243
174 241
219 244
189 243
193 240
194 254
195 244
165 243
183 244
187 241
189 237
203 239
212 239
208 242
178 247
178 256
198 242
200 237
202 241
172 250
176 253
196 240
166 249
205 245
207 241
209 242
211 242
180 249
181 245
184 252
185 242
174 248
220 245
179 239
185 256
194 249
195 253
218 243
169 249
187 246
188 248
192 251
212 246
163 246
197 237
198 245
199 249
202 248
203 250
221 247
172 241
173 253
176 244
177 250
197 247
200 250
216 247
205 238
209 235
181 254
185 251
206 238
175 243
179 257
179 244
190 237
194 240
214 247
219 248
188 247
189 255
190 247
192 242
164 247
168 242
198 236
199 246
203 243
173 246
177 243
197 240
201 245
171 252
191 241
209 236
210 242
182 255
185 252
186 242
204 245
206 241
207 237
175 248
179 253
180 245
184 240
180 257
215 244
170 251
189 248
190 254
193 253
195 241
213 242
183 249
168 249
187 250
200 243
199 239
192 239
201 237
177 256
177 244
178 250
196 237
197 249
198 249
202 244
171 245
172 253
191 254
176 248
210 237
182 246
216 245
186 253
204 236
205 250
206 248
207 234
211 249
211 239
180 252
184 247
185 239
184 256
174 247
219 246
189 241
193 246
194 252
195 246
222 247
183 246
218 246
169 246
187 243
217 245
163 243
208 244
178 245
201 247
198 240
200 239
172 244
176 255
196 242
200 245
204 235
205 243
207 243
209 240
211 244
180 251
181 243
184 254
185 240
186 238
174 254
175 244
220 247
179 241
194 247
214 242
170 247
188 250
190 242
192 253
212 240
213 238
208 235
172 257
187 238
199 251
201 244
221 245
172 243
173 251
217 244
176 246
177 248
196 249
197 245
166 246
201 242
171 249
205 236
207 248
210 249
181 252
182 250
185 249
204 248
206 236
174 257
175 253
201 252
179 246
214 245
215 249
222 246
218 248
170 254
188 241
189 253
190 245
192 244
193 250
213 247
214 239
168 244
188 239
176 256
199 240
203 245
173 244
208 248
177 241
167 245
171 254
191 243
210 240
182 253
186 240
204 247
206 247
207 239
175 250
179 255
180 247
181 239
184 242
195 237
215 246
174 242
219 243
170 249
189 246
190 252
193 243
195 243
213 240
165 246
183 251
168 251
169 243
187 252
212 236
178 248
196 239
167 242
202 242
171 247
172 255
191 248
176 250
196 245
200 240
210 235
182 244
186 251
204 238
205 248
207 244
211 241
212 248
180 254
217 242
184 249
216 241
174 245
200 242
182 256
193 244
194 250
195 248
213 249
214 249
183 240
218 244
169 244
187 245
188 253
192 248
193 238
212 235
163 245
208 246
183 238
178 243
198 246
199 252
203 249
172 246
217 241
176 241
196 252
200 247
205 241
209 246
211 246
181 241
185 246
206 235
174 252
175 246
179 243
190 238
212 249
194 245
214 240
165 248
169 253
170 245
188 244
190 240
194 239
212 242
213 236
164 244
208 237
216 242
199 245
173 258
173 249
191 238
177 254
196 251
197 243
166 244
201 240
171 251
191 244
205 234
207 250
209 239
210 247
181 250
182 248
185 255
186 247
204 250
206 242
175 255
179 248
170 252
188 243
189 251
190 251
192 246
193 248
162 243
213 245
164 243
183 252
168 246
187 249
176 258
199 242
201 246
202 239
203 247
173 242
208 250
177 247
178 255
197 252
198 250
167 247
200 249
191 253
210 238
182 243
186 254
204 241
206 245
209 250
211 234
180 241
184 244
195 239
215 240
174 240
181 256
219 245
189 244
193 241
195 245
165 244
183 245
169 241
187 254
189 238
203 236
212 238
208 241
178 246
198 253
200 236
202 240
172 249
191 250
176 252
196 247
183 256
166 248
186 249
205 246
211 248
207 246
209 243
211 243
180 248
181 246
184 251
185 243
174 251
220 244
194 248
195 250
217 248
183 242
218 242
169 250
187 247
188 255
192 250
212 245
178 241
197 238
198 244
201 235
202 251
203 251
172 240
173 254
176 243
177 251
166 243
217 243
201 249
205 239
209 244
210 250
161 242
181 255
185 244
174 258
175 240
179 245
1214
180 237
190 236
194 243
214 246
215 252
219 249
170 243
188 246
190 246
192 241
194 237
212 252
213 234
208 239
217 239
168 241
219 244
188 236
198 239
199 247
173 256
203 240
221 241
172 239
173 247
225 246
226 252
177 252
227 242
197 241
201 246
220 245
171 253
191 246
216 248
209 237
210 245
181 248
182 254
185 253
186 245
204 244
206 240
175 249
224 245
220 233
179 250
180 244
175 256
184 239
180 256
165 239
174 239
170 250
189 249
190 249
224 236
193 254
212 251
213 243
217 250
183 254
218 238
187 251
199 236
192 238
202 237
177 257
173 240
208 252
226 247
177 245
178 253
196 236
197 250
198 248
224 244
167 241
202 247
171 242
172 252
191 255
187 256
210 236
225 238
182 241
186 252
204 243
205 251
206 251
207 235
209 248
219 245
211 236
180 243
223 248
184 246
217 246
203 242
215 242
174 246
221 239
219 247
219 239
189 242
224 250
193 247
194 255
195 247
213 252
214 250
183 247
218 233
169 247
187 240
189 236
201 236
203 238
208 243
183 237
177 238
178 244
178 257
198 243
200 238
167 238
202 254
172 251
225 250
176 254
196 241
200 244
216 246
223 247
204 234
205 244
207 240
209 241
211 245
180 250
181 244
184 253
185 241
174 249
175 245
220 239
179 238
224 241
218 249
194 246
195 252
214 253
222 244
218 240
169 248
170 246
188 249
192 252
212 247
213 239
208 234
172 256
178 239
187 239
197 236
199 248
202 249
203 253
221 246
172 242
173 252
191 237
176 245
177 249
196 248
197 246
166 241
201 243
220 240
205 237
207 249
209 234
210 248
211 250
181 253
216 239
185 250
223 246
206 239
174 256
175 242
179 256
179 247
180 239
194 241
214 244
218 251
219 251
170 241
188 240
189 254
190 244
192 243
193 251
221 249
196 235
217 237
168 243
188 238
198 237
199 241
200 251
201 250
173 245
225 244
226 250
177 242
219 233
197 255
228 243
201 244
171 255
191 240
221 234
225 243
210 243
223 243
182 252
216 244
186 243
204 246
206 246
207 236
175 251
179 252
180 246
184 241
227 244
215 247
219 240
170 248
189 247
190 255
193 252
195 240
213 241
215 237
183 248
218 236
187 253
199 238
202 235
203 235
217 240
222 238
173 238
208 254
226 245
222 251
178 251
196 238
197 248
198 254
167 243
202 245
171 244
172 254
191 249
176 249
196 244
214 238
210 234
226 248
182 247
186 250
204 237
205 249
206 249
207 245
211 238
180 253
184 248
185 238
174 244
175 238
220 249
189 240
224 252
193 245
194 253
195 249
213 250
214 248
215 234
183 241
218 247
169 245
187 242
188 252
193 239
171 256
212 234
215 245
208 245
183 239
178 242
198 241
199 253
202 252
221 251
172 245
225 248
176 240
196 243
228 248
216 241
200 246
216 253
217 247
205 242
207 242
209 247
211 247
223 241
181 242
216 234
184 255
185 247
186 239
225 242
206 234
174 255
175 247
201 253
179 240
224 243
194 244
195 254
214 243
228 249
170 244
188 251
190 243
192 254
194 238
212 241
213 237
223 234
208 236
217 234
178 237
199 250
201 239
221 244
173 250
191 239
176 247
177 255
196 250
197 244
200 253
201 241
171 248
191 245
205 235
222 250
207 251
210 246
211 252
181 251
182 251
185 248
186 246
204 249
206 237
175 252
179 249
216 251
223 235
201 251
215 248
168 239
222 242
188 242
189 252
190 250
192 245
193 249
212 248
213 246
214 236
183 253
168 245
176 257
199 243
202 238
203 244
223 250
173 243
208 249
176 238
177 240
178 254
197 253
166 238
167 244
227 248
171 241
191 242
228 247
210 241
182 242
186 241
204 240
205 254
206 244
207 238
209 251
211 235
179 254
180 240
181 238
184 243
216 240
195 236
227 249
215 241
174 243
219 242
220 252
189 245
190 253
200 250
193 242
195 242
215 239
183 250
218 234
169 242
187 255
189 239
203 237
212 237
222 236
208 240
226 243
178 249
198 252
200 235
202 243
227 243
171 246
172 248
191 251
176 251
196 246
200 241
182 245
186 248
204 239
205 247
207 247
209 252
211 240
180 255
181 247
182 239
184 250
185 236
174 250
220 251
179 237
194 251
195 251
213 248
183 243
218 245
187 244
188 254
228 250
192 249
193 237
219 234
212 244
223 239
208 247
178 240
197 239
198 247
199 255
202 250
203 248
171 239
172 247
173 255
176 242
228 244
196 253
166 242
226 249
218 248
205 240
207 252
209 245
210 253
211 249
229 250
220 244
181 240
216 236
185 245
186 237
204 252
222 249
174 253
175 241
220 242
179 242
223 245
190 239
224 239
194 242
186 256
214 241
215 253
218 252
170 242
188 245
190 241
192 240
194 236
212 243
213 235
214 235
208 238
168 240
217 253
198 238
199 244
173 257
203 241
221 242
172 238
173 248
225 247
177 253
197 242
201 247
171 250
200 248
191 247
209 238
210 244
181 249
182 249
185 254
186 244
204 251
217 242
206 243
175 254
179 251
175 257
184 238
223 237
224 247
215 250
174 238
216 243
170 253
189 250
190 248
192 247
193 255
212 250
213 244
183 255
168 247
187 248
199 237
192 237
202 236
203 246
222 235
173 241
208 251
226 246
177 246
178 252
197 251
198 251
201 248
202 246
171 243
221 235
191 252
216 249
210 239
226 251
182 240
227 251
186 255
204 242
205 252
206 250
220 237
209 249
211 237
229 246
180 242
184 245
195 238
230 248
215 243
174 241
175 237
169 238
189 243
224 249
224 237
193 240
194 254
195 244
213 253
215 233
183 244
169 240
187 241
189 237
203 239
212 239
219 237
208 242
226 241
177 239
178 247
178 256
198 242
200 237
167 239
202 241
172 250
225 251
176 253
196 240
222 240
200 243
225 237
227 246
205 245
206 253
207 241
209 242
211 242
180 249
181 245
182 237
184 252
185 242
174 248
170 239
179 239
185 256
224 240
194 249
195 253
214 252
218 243
169 249
187 246
188 248
192 251
212 246
223 233
178 238
187 236
197 237
198 245
199 249
202 248
203 250
221 247
172 241
173 253
225 252
176 244
177 250
196 255
197 247
166 240
217 249
216 247
205 238
207 254
209 235
210 251
211 251
229 248
181 254
216 238
185 251
204 254
206 238
175 243
179 257
179 244
180 238
190 237
194 240
214 247
222 245
218 250
219 248
170 240
188 247
189 255
190 247
192 242
212 253
214 233
217 251
217 238
168 242
188 237
198 236
199 246
203 243
221 240
219 235
173 246
225 245
177 243
197 240
201 245
171 252
191 241
209 236
210 242
225 239
182 255
185 252
186 242
204 245
206 241
207 237
175 248
179 253
180 245
225 240
184 240
180 257
195 235
228 246
165 238
223 251
219 241
170 251
189 248
190 254
193 253
195 241
213 242
224 235
222 243
183 249
218 239
187 250
199 239
192 239
201 237
177 256
173 239
208 253
226 244
177 244
178 250
196 237
197 249
198 249
167 240
202 244
171 245
172 253
191 254
176 248
224 246
210 237
223 242
182 246
216 245
186 253
204 236
205 250
206 248
207 234
211 239
180 252
184 247
185 239
220 235
184 256
174 247
175 239
219 246
220 238
189 241
224 251
193 246
194 252
195 246
213 251
214 251
215 235
183 246
218 246
169 246
187 243
217 245
208 244
177 237
178 245
198 240
200 239
228 245
227 247
221 252
172 244
225 249
176 255
196 242
200 245
221 236
204 235
205 243
207 243
209 240
211 244
180 251
181 243
216 233
184 254
185 240
186 238
174 254
175 244
220 247
179 241
224 242
221 233
220 246
194 247
195 255
214 242
218 241
170 247
188 250
190 242
192 253
212 240
213 238
215 244
208 235
217 235
172 257
187 238
197 235
198 235
199 251
217 244
203 252
221 245
172 243
173 251
191 236
176 246
177 248
196 249
197 245
200 252
201 242
220 234
171 249
205 236
207 248
210 249
211 253
223 240
181 252
182 250
185 249
204 248
206 236
174 257
175 253
201 252
179 246
227 245
214 245
215 249
222 246
168 238
219 250
220 236
188 241
189 253
190 245
192 244
193 250
213 247
214 239
222 241
217 236
168 244
188 239
176 256
199 240
203 245
173 244
208 248
176 237
177 241
197 254
167 245
171 254
191 243
210 240
182 253
186 240
204 247
206 247
207 239
175 250
179 255
180 247
181 239
184 242
195 237
215 246
174 242
219 243
170 249
189 246
190 252
193 243
195 243
213 240
215 236
183 251
218 237
169 243
187 252
222 233
212 236
222 239
226 242
178 248
196 239
198 255
222 252
167 242
202 242
171 247
172 255
191 248
176 250
196 245
200 240
210 235
225 241
182 244
186 251
204 238
205 248
206 254
207 244
209 253
211 241
223 252
180 254
182 238
184 249
185 237
224 234
221 237
217 252
174 245
201 254
182 256
193 244
194 250
195 248
213 249
214 249
183 240
218 244
169 244
187 245
188 253
192 248
193 238
212 235
223 236
208 246
183 238
178 243
198 246
199 252
202 253
203 249
221 250
172 246
217 241
176 241
196 252
200 247
189 256
205 241
207 253
209 246
210 252
211 246
181 241
216 235
185 246
186 236
206 235
174 252
175 246
220 241
179 243
190 238
194 245
214 240
170 245
188 244
190 240
192 255
220 250
194 239
212 242
213 236
214 234
208 237
217 233
216 242
199 245
201 238
203 254
221 243
173 249
191 238
216 252
177 254
196 251
197 243
200 254
201 240
171 251
191 244
205 234
207 250
209 239
210 247
219 238
181 250
182 248
185 255
186 247
204 250
206 242
175 255
179 248
223 244
184 237
215 251
219 252
170 252
188 243
189 251
190 251
192 246
193 248
227 241
212 249
213 245
214 237
183 252
168 246
222 247
187 249
199 242
192 236
202 239
203 247
222 234
173 242
208 250
176 239
177 247
178 255
216 250
197 252
198 250
166 239
201 249
171 240
191 253
210 238
182 243
186 254
204 241
205 253
206 245
209 250
211 234
229 247
180 241
181 237
184 244
195 239
215 240
174 240
181 256
169 239
189 244
224 248
193 241
195 245
215 238
183 245
218 235
169 241
187 254
189 238
199 235
220 248
203 236
212 238
222 237
208 241
226 240
178 246
198 253
200 236
202 240
223 249
172 249
191 250
176 252
196 247
183 256
200 242
188 256
227 250
186 249
205 246
206 252
207 246
209 243
211 243
180 248
181 246
184 251
185 243
222 248
174 251
170 238
224 238
194 248
195 250
217 248
183 242
218 242
169 250
187 247
188 255
192 250
193 236
212 245
219 236
223 238
178 241
187 237
197 238
198 244
199 254
201 235
202 251
203 251
171 238
172 240
173 254
176 243
177 251
196 254
221 248
200 249
226 239
217 243
225 236
221 238
205 239
209 244
210 250
211 248
229 249
230 249
181 255
216 237
185 244
204 253
175 240
220 243
179 245
1176
180 237
190 236
194 243
214 246
215 252
218 253
219 249
170 243
188 246
190 246
192 241
194 237
212 252
213 234
164 246
208 239
217 239
168 241
188 236
198 239
199 247
173 256
203 240
221 241
172 239
173 247
177 252
197 241
167 248
220 245
171 253
191 246
216 248
209 237
210 245
181 248
182 254
185 253
186 245
204 244
206 240
175 249
211 231
179 250
180 244
175 256
184 239
180 256
215 245
174 239
170 250
189 249
190 249
215 233
193 254
162 241
213 243
217 250
183 254
168 248
187 251
199 236
192 238
202 237
203 233
177 257
173 240
208 252
177 245
178 253
196 236
197 250
198 248
167 241
202 247
171 242
172 252
191 255
214 232
187 256
210 236
182 241
186 252
204 243
205 251
206 251
207 235
209 248
211 236
180 243
184 246
217 246
203 242
215 242
174 246
221 239
219 247
213 231
189 242
193 247
194 255
195 247
213 252
214 250
165 242
183 247
218 233
169 247
187 240
189 236
201 236
203 238
212 232
208 243
183 237
177 238
178 244
178 257
198 243
200 238
202 254
216 231
172 251
196 234
176 254
196 241
200 244
216 246
204 234
205 244
207 240
209 241
211 245
180 250
181 244
216 232
184 253
185 241
174 249
175 245
220 239
179 238
194 246
195 252
214 253
218 240
169 248
170 246
188 249
192 252
212 247
213 239
208 234
172 256
178 239
187 239
197 236
198 234
199 248
201 233
202 249
203 253
172 242
173 252
191 237
176 245
177 249
196 248
197 246
166 241
201 243
220 240
214 234
205 237
207 249
209 234
210 248
211 250
181 253
216 239
185 250
206 239
174 256
175 242
179 256
179 247
180 239
194 241
214 244
218 251
219 251
170 241
188 240
189 254
190 244
192 243
193 251
194 235
162 244
213 232
196 235
217 237
168 243
188 238
198 237
199 241
218 235
200 251
201 250
173 245
177 242
219 233
200 240
197 255
167 250
171 255
221 243
191 240
201 246
221 234
210 243
182 252
216 244
186 243
204 246
206 246
207 236
175 251
211 233
179 252
180 246
184 241
215 247
219 240
170 248
189 247
190 255
193 252
195 240
213 241
165 247
183 248
168 250
187 253
199 238
215 237
202 235
203 235
200 254
208 254
178 251
196 238
197 248
198 254
167 243
202 245
171 244
172 254
191 249
176 249
196 244
214 238
210 234
182 247
186 250
204 237
205 249
206 249
207 245
209 254
211 238
180 253
184 248
185 238
174 244
175 238
220 249
189 240
193 245
194 253
195 249
213 250
214 248
165 240
183 241
218 247
169 245
187 242
188 252
217 247
193 239
171 256
212 234
163 242
208 245
183 239
178 242
198 241
199 253
202 252
172 245
176 240
196 243
211 248
216 241
200 246
212 251
214 241
215 239
205 242
207 242
209 247
211 247
181 242
214 239
184 255
185 247
186 239
206 234
174 255
175 247
201 253
179 240
219 239
194 244
195 254
214 243
169 254
170 244
188 251
190 243
192 254
194 238
212 241
213 237
208 236
217 234
197 234
199 250
201 239
221 244
200 252
173 250
191 239
176 247
177 255
196 250
197 244
218 238
166 247
201 241
171 248
191 245
205 235
207 251
209 232
210 246
211 252
200 255
181 251
182 251
185 248
186 246
204 249
206 237
175 252
179 249
216 251
201 251
218 234
215 248
218 249
219 253
170 255
188 242
189 252
190 250
192 245
193 249
162 242
213 246
164 242
183 253
168 245
203 252
176 257
199 243
192 235
202 238
203 244
173 243
208 249
176 238
177 240
178 254
197 253
209 233
167 244
171 241
191 242
220 237
210 241
182 242
186 241
204 240
205 254
206 244
207 238
209 251
211 235
179 254
180 240
181 238
184 243
216 240
195 236
215 241
174 243
181 257
219 242
189 245
190 253
200 250
193 242
195 242
214 231
165 245
183 250
168 252
169 242
187 255
189 239
202 233
203 237
212 237
222 236
208 240
214 237
178 249
198 252
200 235
202 243
171 246
172 248
191 251
176 251
196 246
200 241
210 232
182 245
186 248
204 239
205 247
207 247
209 252
211 240
180 255
181 247
182 239
184 250
185 236
174 250
194 251
195 251
213 248
183 243
218 245
169 251
187 244
188 254
192 249
193 237
219 234
212 244
163 244
208 247
178 240
197 239
198 247
199 255
202 250
203 248
171 239
172 247
173 255
176 242
196 253
166 242
205 240
211 251
207 252
209 245
210 253
161 243
181 240
216 236
185 245
186 237
204 252
206 232
174 253
175 241
220 242
179 242
190 239
215 234
194 242
186 256
201 248
215 253
214 236
169 252
170 242
188 245
190 241
192 240
194 236
212 243
213 235
164 245
208 238
217 232
168 240
217 253
198 238
199 244
173 257
203 241
221 242
217 240
173 248
177 253
197 242
219 237
166 245
167 249
171 250
200 248
191 247
205 233
209 238
210 244
181 249
182 249
185 254
186 244
204 251
217 242
206 243
175 254
179 251
175 257
184 238
215 250
216 243
170 253
189 250
190 248
192 247
193 255
212 250
213 244
183 255
168 247
187 248
199 237
192 237
202 236
203 246
222 235
173 241
208 251
177 246
178 252
197 251
198 251
167 246
202 246
171 243
221 235
191 252
216 249
218 236
210 239
182 240
186 255
204 242
205 252
206 250
207 232
209 249
211 237
180 242
184 245
195 238
215 243
174 241
219 244
189 243
215 232
193 240
194 254
195 244
213 253
165 243
183 244
218 232
169 240
187 241
189 237
199 234
203 239
212 239
163 241
208 242
177 239
178 247
178 256
198 242
200 237
216 253
202 241
172 250
176 253
214 233
196 240
166 249
204 233
205 245
206 253
207 241
209 242
211 242
218 237
180 249
181 245
182 237
184 252
185 242
174 248
170 239
179 239
185 256
194 249
195 253
214 252
218 243
169 249
187 246
188 248
192 251
212 246
208 233
178 238
187 236
197 237
198 245
199 249
201 234
202 248
203 250
172 241
173 253
176 244
177 250
196 255
197 247
166 240
217 249
216 247
205 238
207 254
209 235
210 251
161 241
218 252
181 254
216 238
185 251
204 254
206 238
175 243
179 257
179 244
180 238
190 237
194 240
214 247
218 250
219 248
170 240
188 247
189 255
190 247
192 242
216 234
212 253
213 233
164 247
217 251
217 238
168 242
201 245
188 237
198 236
199 246
203 243
221 240
219 235
173 246
191 235
177 243
197 240
167 251
171 252
191 241
214 235
209 236
210 242
182 255
185 252
186 242
204 245
206 241
207 237
175 248
179 253
180 245
184 240
180 257
195 235
215 244
219 241
170 251
189 248
190 254
193 253
195 241
213 242
183 249
168 249
187 250
200 243
199 239
192 239
201 237
177 256
173 239
208 253
177 244
178 250
196 237
197 249
198 249
167 240
202 244
171 245
172 253
191 254
176 248
210 237
182 246
216 245
186 253
204 236
205 250
206 248
207 234
211 249
160 241
211 239
180 252
184 247
185 239
220 235
184 256
174 247
175 239
219 246
220 238
189 241
193 246
194 252
195 246
213 251
214 251
165 241
183 246
218 246
169 246
187 243
215 236
171 257
212 233
163 243
208 244
178 245
201 247
198 240
200 239
202 234
172 244
176 255
196 242
200 245
221 236
217 245
204 235
205 243
207 243
209 240
211 244
180 251
181 243
216 233
184 254
185 240
186 238
174 254
175 244
220 247
179 241
220 246
194 247
195 255
214 242
218 241
170 247
188 250
190 242
192 253
212 240
213 238
208 235
217 235
172 257
222 238
187 238
197 235
198 235
199 251
217 244
201 244
172 243
173 251
191 236
176 246
177 248
196 249
197 245
166 246
201 242
220 234
171 249
205 236
207 248
190 256
210 249
211 253
181 252
182 250
185 249
204 248
206 236
174 257
175 253
201 252
179 246
214 245
215 249
218 248
219 250
170 254
188 241
189 253
190 245
192 244
193 250
213 247
164 241
217 236
168 244
188 239
176 256
199 240
203 245
200 253
173 244
208 248
177 241
197 254
218 239
167 245
171 254
191 243
210 240
182 253
186 240
204 247
206 247
207 239
175 250
211 232
179 255
180 247
181 239
184 242
195 237
215 246
174 242
219 243
170 249
189 246
190 252
193 243
195 243
213 240
165 246
183 251
168 251
169 243
187 252
203 234
212 236
178 248
196 239
198 255
200 234
167 242
202 242
171 247
172 255
191 248
176 250
196 245
166 250
210 235
182 244
186 251
204 238
205 248
206 254
207 244
209 253
211 241
212 248
180 254
182 238
184 249
185 237
221 237
217 252
174 245
220 236
200 242
201 254
182 256
193 244
194 250
195 248
213 249
214 249
183 240
218 244
169 244
187 245
188 253
192 248
193 238
212 235
163 245
208 246
183 238
178 243
198 246
199 252
202 253
203 249
172 246
217 241
176 241
196 252
200 247
189 256
205 241
207 253
209 246
210 252
211 246
181 241
216 235
185 246
186 236
206 235
174 252
175 246
220 241
179 243
190 238
212 249
194 245
214 240
165 248
169 253
170 245
188 244
190 240
192 255
220 250
194 239
212 242
213 236
164 244
208 237
217 233
216 242
199 245
201 238
203 254
215 238
173 249
191 238
216 252
177 254
196 251
197 243
166 244
201 240
171 251
191 244
205 234
207 250
209 239
210 247
219 238
181 250
182 248
185 255
186 247
204 250
206 242
175 255
179 248
184 237
215 251
219 252
170 252
188 243
189 251
190 251
192 246
193 248
162 243
213 245
164 243
183 252
168 246
187 249
199 242
192 236
202 239
203 247
212 231
173 242
208 250
176 239
177 247
178 255
216 250
197 252
198 250
167 247
171 240
200 249
191 253
210 238
182 243
186 254
204 241
205 253
206 245
207 233
209 250
211 234
180 241
181 237
184 244
195 239
215 240
174 240
181 256
219 245
189 244
193 241
195 245
165 244
183 245
168 253
169 241
187 254
189 238
199 235
193 235
203 236
212 238
222 237
208 241
178 246
198 253
200 236
202 240
172 249
191 250
176 252
196 247
183 256
166 248
210 233
188 256
186 249
205 246
206 252
207 246
209 243
211 243
180 248
181 246
184 251
185 243
174 251
220 244
215 235
194 248
195 250
215 231
183 242
218 242
169 250
187 247
188 255
192 250
193 236
212 245
219 236
208 232
178 241
187 237
197 238
198 244
199 254
201 235
202 251
203 251
172 240
173 254
176 243
177 251
217 248
196 254
166 243
217 243
201 249
221 238
205 239
209 244
210 250
161 242
181 255
216 237
220 248
185 244
204 253
206 233
175 240
220 243
179 245
803
180 237
194 243
214 246
170 243
188 246
190 246
192 241
194 237
208 239
217 239
168 241
198 239
199 247
203 240
172 239
173 247
177 252
197 241
201 246
191 246
216 248
209 237
210 245
181 248
216 244
185 253
186 245
204 244
206 240
175 249
179 250
180 244
184 239
165 239
174 239
189 249
190 249
213 243
217 250
217 240
218 238
187 251
192 238
202 237
173 240
177 245
178 253
197 250
198 248
166 237
167 241
202 247
171 242
182 241
186 252
204 243
205 251
206 251
209 248
180 243
215 247
184 246
203 242
215 242
174 246
169 237
189 242
193 247
195 247
214 250
183 247
219 237
187 240
203 238
208 243
183 237
177 238
178 244
198 243
200 238
167 238
172 251
196 241
200 244
216 246
205 244
207 240
209 241
211 245
180 250
181 244
184 253
185 241
174 249
175 245
179 238
194 246
195 252
218 240
170 246
188 249
192 252
212 247
213 239
217 244
178 239
187 239
199 248
202 249
172 242
173 252
191 237
176 245
177 249
196 248
197 246
166 241
201 243
205 237
207 249
210 248
211 250
181 253
216 239
185 250
206 239
175 242
179 247
180 239
194 241
214 244
168 237
170 241
188 240
190 244
192 243
193 251
214 238
217 237
168 243
188 238
198 237
199 241
200 251
201 250
173 245
177 242
201 244
191 240
210 243
182 252
186 243
204 246
206 246
175 251
179 252
180 246
184 241
165 237
174 237
170 248
189 247
193 252
195 240
213 241
215 237
183 248
199 238
173 238
217 246
178 251
196 238
197 248
167 243
202 245
171 244
191 249
176 249
196 244
182 247
186 250
204 237
205 249
206 249
207 245
211 238
180 253
184 248
185 238
174 244
175 238
189 240
193 245
195 249
213 250
214 248
165 240
183 241
169 245
187 242
188 252
193 239
215 245
208 245
183 239
178 242
198 241
171 237
172 245
176 240
196 243
216 241
200 246
214 241
217 247
205 242
207 242
209 247
211 247
181 242
185 247
186 239
175 247
179 240
194 244
164 237
170 244
188 251
190 243
194 238
212 241
213 237
178 237
199 250
201 239
173 250
191 239
176 247
196 250
197 244
201 241
171 248
191 245
207 251
210 246
181 251
182 251
185 248
186 246
204 249
206 237
175 252
179 249
215 248
168 239
188 242
189 252
190 250
192 245
193 249
212 248
213 246
183 253
168 245
176 257
199 243
202 238
203 244
173 243
208 249
176 238
177 240
166 238
167 244
171 241
191 242
210 241
182 242
213 248
186 241
204 240
206 244
207 238
180 240
181 238
184 243
216 240
215 241
174 243
189 245
200 250
193 242
195 242
215 239
183 250
169 242
189 239
203 237
212 237
208 240
178 249
167 237
202 243
171 246
172 248
191 251
176 251
196 246
200 241
182 245
186 248
204 239
205 247
207 247
211 240
181 247
182 239
184 250
174 250
179 237
194 251
195 251
163 238
183 243
218 245
187 244
192 249
193 237
212 244
208 247
178 240
197 239
198 247
202 250
203 248
171 239
172 247
176 242
166 242
205 240
209 245
211 249
181 240
185 245
186 237
174 253
175 241
179 242
190 239
194 242
217 242
164 239
170 242
188 245
190 241
192 240
212 243
219 239
208 238
168 240
198 238
199 244
201 237
214 240
203 241
172 238
173 248
177 253
197 242
201 247
200 248
191 247
209 238
210 244
181 249
182 249
186 244
204 251
206 243
175 254
179 251
184 238
215 250
174 238
216 243
189 250
190 248
192 247
212 250
213 244
217 241
187 248
199 237
192 237
203 246
173 241
177 246
178 252
197 251
198 251
201 248
202 246
171 243
191 252
216 249
210 239
182 240
204 242
206 250
209 249
211 237
180 242
184 245
195 238
215 243
174 241
175 237
169 238
189 243
193 240
195 244
217 249
183 244
169 240
187 241
189 237
203 239
212 239
208 242
177 239
178 247
198 242
200 237
167 239
202 241
172 250
176 253
196 240
200 243
205 245
207 241
209 242
211 242
180 249
181 245
182 237
184 252
185 242
174 248
170 239
179 239
194 249
218 243
187 246
188 248
192 251
212 246
178 238
197 237
198 245
199 249
202 248
203 250
172 241
176 244
177 250
197 247
166 240
216 247
205 238
216 238
185 251
206 238
175 243
179 244
180 238
190 237
194 240
214 247
170 240
188 247
190 247
192 242
217 238
168 242
188 237
199 246
203 243
173 246
177 243
197 240
201 245
191 241
210 242
216 245
185 252
186 242
204 245
206 241
207 237
175 248
179 253
180 245
184 240
165 238
189 248
195 241
213 242
183 249
218 239
187 250
199 239
192 239
173 239
177 244
178 250
196 237
197 249
198 249
167 240
202 244
171 245
176 248
214 243
210 237
182 246
186 253
205 250
206 248
211 239
180 252
184 247
185 239
174 247
175 239
189 241
193 246
194 252
195 246
163 237
165 241
183 246
218 246
169 246
187 243
217 245
208 244
177 237
178 245
198 240
200 239
172 244
196 242
200 245
205 243
207 243
209 240
211 244
180 251
181 243
185 240
186 238
174 254
175 244
170 237
179 241
194 247
214 242
218 241
170 247
188 250
190 242
216 250
212 240
213 238
215 244
187 238
199 251
172 243
173 251
176 246
177 248
196 249
197 245
201 242
171 249
207 248
210 249
181 252
182 250
185 249
204 248
175 253
179 246
214 245
215 249
168 238
188 241
190 245
192 244
193 250
213 247
214 239
168 244
188 239
176 256
199 240
203 245
173 244
208 248
176 237
177 241
201 251
191 243
210 240
182 253
186 240
204 247
206 247
207 239
175 250
180 247
181 239
184 242
195 237
215 246
174 242
189 246
190 252
193 243
195 243
213 240
183 251
218 237
169 243
187 252
173 237
178 248
196 239
167 242
202 242
171 247
191 248
176 250
196 245
200 240
182 244
186 251
204 238
205 248
207 244
211 241
182 238
184 249
185 237
174 245
193 244
194 250
195 248
213 249
214 249
183 240
218 244
169 244
187 245
192 248
193 238
208 246
183 238
178 243
198 246
203 249
172 246
176 241
196 252
200 247
205 241
209 246
211 246
181 241
185 246
174 252
175 246
179 243
190 238
194 245
164 238
170 245
188 244
190 240
194 239
212 242
208 237
216 242
199 245
201 238
172 237
173 249
191 238
196 251
197 243
201 240
191 244
207 250
209 239
210 247
219 238
181 250
182 248
186 247
204 250
206 242
175 255
179 248
184 237
188 243
189 251
190 251
192 246
193 248
212 249
213 245
214 237
183 252
187 249
199 242
202 239
203 247
173 242
208 250
176 239
177 247
198 250
166 239
201 249
171 240
217 243
210 238
182 243
204 241
206 245
209 250
180 241
181 237
184 244
195 239
215 240
174 240
169 239
189 244
193 241
195 245
215 238
183 245
169 241
189 238
212 238
208 241
178 246
202 240
172 249
191 250
176 252
196 247
200 242
186 249
205 246
207 246
209 243
211 243
180 248
181 246
184 251
185 243
174 251
170 238
194 248
195 250
217 248
183 242
218 242
187 247
192 250
212 245
178 241
187 237
197 238
198 244
202 251
203 251
171 238
172 240
176 243
177 251
200 249
205 239
209 244
210 250
211 248
216 237
185 244
175 240
179 245
2442
164 232
165 230
168 235
169 227
170 243
188 246
189 224
190 246
192 241
193 229
194 237
212 252
213 234
214 232
217 239
167 226
171 231
172 239
173 247
191 232
176 234
177 252
196 229
197 241
200 224
201 246
203 214
181 248
182 254
185 253
186 245
204 244
206 240
207 226
211 231
175 256
180 256
165 239
169 228
170 250
189 249
190 249
193 254
194 228
212 251
213 243
214 227
217 240
218 238
172 230
173 240
176 225
177 245
178 253
196 236
197 250
198 248
200 231
201 255
202 247
179 221
182 241
186 252
204 243
205 251
206 251
207 235
209 248
211 236
165 232
169 237
170 229
189 242
190 224
193 247
194 255
195 247
213 252
214 250
215 232
217 249
172 221
173 233
177 238
178 244
178 257
197 227
198 243
200 238
201 224
202 254
180 220
204 234
205 244
207 240
209 241
211 245
216 232
170 236
190 235
194 246
195 252
214 253
215 225
218 240
171 263
173 226
177 231
178 239
197 236
198 234
199 248
201 233
202 249
203 253
221 246
180 219
204 225
169 257
207 249
209 234
210 248
211 250
216 239
169 223
192 221
194 241
195 229
214 244
218 251
219 251
178 230
196 217
197 213
198 237
199 241
202 224
203 242
181 220
182 218
205 230
209 227
210 243
216 246
170 222
193 218
195 234
215 247
181 259
219 240
178 225
197 222
198 228
199 238
202 235
203 235
208 254
182 221
187 258
206 215
209 228
210 234
220 249
174 222
198 223
199 231
203 224
208 245
206 222
207 212
209 221
210 229
194 218
195 216
174 225
175 221
198 214
199 220
167 258
208 236
172 258
207 221
209 214
210 220
170 260
174 232
199 213
208 227
205 236
176 257
162 236
187 220
207 218
209 233
210 215
191 216
174 243
175 227
179 228
184 217
208 218
162 231
201 256
188 221
183 257
166 251
161 233
200 215
174 250
175 232
160 234
179 237
180 229
182 257
184 224
208 209
158 227
163 244
183 233
187 234
166 242
177 222
200 222
156 230
174 253
175 241
179 242
180 236
184 231
185 223
186 256
158 234
164 245
183 230
168 240
187 227
189 219
190 219
173 257
212 217
166 245
167 249
171 250
191 247
178 223
201 217
157 233
175 254
161 238
179 251
180 235
181 227
184 238
185 224
186 222
205 221
158 237
162 240
163 226
164 252
183 255
168 247
187 248
188 234
192 237
212 224
177 258
166 236
167 246
171 243
191 252
161 231
180 242
181 236
182 234
184 245
185 233
186 217
205 214
159 238
163 235
164 251
165 243
183 244
168 254
169 240
187 241
188 225
189 237
192 228
193 234
212 239
213 231
214 223
166 231
167 239
171 232
172 250
191 229
176 253
196 240
200 243
202 219
203 219
180 249
181 245
182 237
184 252
185 242
186 224
206 231
211 216
164 226
165 252
168 229
169 249
187 246
188 248
189 230
192 251
193 227
212 246
213 224
167 228
171 225
172 241
173 253
191 226
176 244
177 250
196 255
197 247
200 250
168 259
161 241
181 254
182 228
185 251
186 235
204 254
206 238
207 228
211 225
164 233
165 229
168 236
169 226
170 240
188 247
189 255
190 247
192 242
193 228
194 234
212 253
213 233
214 233
217 238
171 230
172 232
173 246
191 235
176 235
177 243
196 230
197 240
200 225
201 245
182 255
185 252
186 242
204 245
206 241
207 237
211 230
175 259
180 257
165 238
169 235
170 251
189 248
190 254
193 253
194 229
195 241
213 242
214 224
217 247
218 239
171 223
172 231
173 239
176 226
177 244
178 250
196 237
197 249
198 249
200 232
201 254
202 244
179 220
182 246
186 253
204 236
205 250
206 248
207 234
211 239
184 256
169 236
170 226
189 241
190 225
193 246
194 252
195 246
213 251
214 251
215 235
217 248
218 246
171 257
172 222
173 232
177 237
178 245
197 226
198 240
200 239
201 231
202 255
222 250
180 221
204 235
205 243
207 243
209 240
210 254
211 244
216 233
170 237
190 232
194 247
195 255
214 242
218 241
171 262
173 225
177 230
178 236
197 235
198 235
199 251
201 232
202 230
203 252
221 245
204 226
169 256
207 248
190 256
210 249
211 253
216 240
192 222
195 228
214 245
215 249
218 248
219 250
178 231
196 218
198 226
199 240
202 225
203 245
208 248
181 219
182 219
205 229
209 226
210 240
216 247
170 223
193 217
195 237
215 246
181 258
219 243
197 221
198 229
199 233
202 232
203 234
206 212
209 219
210 235
220 250
185 259
174 223
198 220
199 230
203 227
167 260
208 246
172 260
206 223
207 215
209 220
210 226
167 223
194 219
195 219
220 241
185 260
154 227
174 230
175 220
198 215
199 223
208 237
172 259
205 237
207 220
209 213
210 221
170 261
174 233
175 229
199 212
208 228
176 258
162 237
187 223
210 212
191 219
174 240
175 226
179 231
184 218
208 219
162 228
188 222
183 256
166 248
188 256
200 216
155 230
156 232
174 251
175 235
160 235
179 236
180 230
184 225
204 220
208 210
163 247
183 232
187 237
166 243
177 221
200 223
201 215
156 231
174 258
175 240
160 226
179 245
180 237
184 232
185 222
186 257
158 235
162 246
164 246
183 225
168 241
187 226
188 236
189 218
190 216
173 256
212 218
166 234
167 248
171 253
191 246
178 220
201 216
202 214
157 232
175 249
161 237
179 250
180 244
181 226
184 239
185 231
186 223
204 210
205 220
162 241
163 229
183 254
168 248
187 251
188 235
192 238
212 225
177 257
166 237
167 241
171 242
172 252
191 255
160 240
161 230
180 243
181 235
182 235
184 246
185 232
186 230
205 213
159 233
163 234
164 228
165 242
183 247
168 255
169 247
187 240
188 226
189 236
192 229
193 233
212 232
213 230
166 228
167 238
171 235
172 251
196 234
191 228
176 254
196 241
200 244
202 216
203 218
189 259
200 237
180 250
181 244
182 226
184 253
185 241
186 225
206 228
211 219
164 227
165 251
168 230
169 248
170 246
188 249
189 229
192 252
193 226
212 247
213 239
167 231
171 224
172 242
173 252
191 237
176 245
177 249
196 248
197 246
200 251
201 243
203 211
168 260
161 240
181 253
182 229
185 250
186 232
204 255
206 239
207 231
211 224
175 261
164 234
165 228
168 237
169 225
170 241
188 240
189 254
190 244
192 243
193 251
194 235
213 232
196 235
217 237
172 233
173 245
191 234
176 236
177 242
196 231
197 255
200 226
201 244
182 252
186 243
204 246
206 246
207 236
211 233
175 258
180 258
165 237
169 234
170 248
189 247
190 255
193 252
194 226
195 240
213 241
214 225
215 237
217 246
218 236
171 222
172 224
173 238
176 227
177 235
178 251
178 260
197 248
198 254
200 233
201 253
202 245
179 223
182 247
186 250
204 237
205 249
206 249
207 245
209 254
211 238
184 257
183 219
170 227
189 240
190 230
193 245
194 253
195 249
213 250
214 248
215 234
218 247
219 239
166 256
171 256
172 223
173 231
177 236
178 242
196 213
197 225
198 241
199 253
201 230
202 252
221 251
222 251
180 222
204 228
205 242
207 242
209 247
211 247
216 234
170 234
190 233
192 216
194 244
195 254
214 243
215 227
173 224
191 257
177 229
178 237
196 220
197 234
198 232
199 250
201 239
202 231
203 255
221 244
204 227
169 263
207 251
190 257
210 246
211 252
216 241
192 223
195 231
215 248
218 249
178 228
196 219
198 227
199 243
202 238
203 244
208 249
181 218
205 228
206 210
209 225
210 241
194 256
216 248
193 216
195 236
215 241
181 257
219 242
197 220
198 218
199 232
202 233
203 237
208 240
206 213
209 218
210 232
220 251
185 258
198 221
199 225
203 226
208 247
172 261
205 238
206 220
207 214
209 211
210 227
194 216
195 218
220 242
174 231
175 223
198 212
199 222
208 238
187 217
207 223
209 212
210 218
170 258
191 221
174 238
175 228
179 225
199 215
208 229
176 259
162 234
187 222
210 213
191 218
176 220
174 241
175 237
179 230
184 219
208 220
162 229
163 241
188 223
183 259
166 249
188 257
200 217
156 233
174 248
175 234
160 236
179 239
180 231
184 226
204 221
208 211
163 246
183 235
187 236
173 262
212 220
166 240
192 256
177 220
201 214
174 259
175 243
160 227
179 257
179 244
180 238
184 233
185 221
204 212
158 232
162 247
164 247
183 224
168 242
187 229
188 237
189 217
190 217
192 232
212 219
166 235
167 251
171 252
191 241
178 221
201 223
202 215
157 231
175 248
161 236
179 253
180 245
181 225
184 240
185 230
186 220
204 211
205 219
159 227
163 228
183 249
168 249
187 250
188 228
192 239
212 226
177 256
198 256
166 226
167 240
171 245
172 253
196 233
191 254
176 248
202 222
160 241
161 229
180 252
181 234
182 232
184 247
185 239
186 231
205 212
206 226
211 213
159 232
163 237
164 229
165 241
183 246
168 224
169 246
187 243
188 227
189 235
192 230
193 232
212 233
213 229
166 229
167 233
171 234
172 244
209 235
191 231
176 255
196 242
200 245
202 217
203 221
189 258
180 251
181 243
182 227
184 254
185 240
186 238
206 229
211 218
164 236
165 250
168 231
169 255
170 247
188 250
189 228
190 242
192 253
193 225
212 240
213 238
217 235
167 230
171 227
172 243
173 251
191 236
176 246
177 248
196 249
197 245
200 252
201 242
168 261
181 252
182 250
185 249
186 233
204 248
206 236
207 230
211 227
175 260
180 260
164 235
165 227
168 238
169 224
170 254
188 241
189 253
190 245
192 244
193 250
194 232
213 247
214 239
217 236
172 234
173 244
176 237
177 241
196 224
197 254
200 227
201 251
182 253
186 240
204 247
205 255
206 247
207 239
211 232
180 259
165 236
183 221
169 233
170 249
189 246
190 252
193 243
194 227
195 243
213 240
214 230
215 236
217 245
218 237
213 220
172 225
173 237
176 228
177 234
178 248
178 261
179 260
198 255
200 234
201 252
202 242
179 222
182 244
186 251
204 238
205 248
206 254
207 244
209 253
211 241
216 228
184 258
183 218
170 224
190 231
193 244
194 250
195 248
213 249
214 249
215 229
218 244
219 238
166 257
171 259
173 230
177 227
178 243
196 214
197 224
198 246
199 252
201 229
202 253
203 249
221 250
222 248
180 223
204 229
205 241
207 253
209 246
210 252
211 246
216 235
170 235
190 238
192 217
194 245
195 225
214 240
215 226
173 223
191 256
177 228
178 234
196 221
197 233
198 233
199 245
201 238
202 228
203 254
169 262
207 250
209 239
210 247
216 242
195 230
215 251
219 252
196 239
178 229
198 224
199 242
202 239
203 247
208 250
205 227
206 211
209 224
210 238
194 257
216 249
192 215
193 223
195 239
215 240
181 256
219 245
197 219
198 219
199 235
203 236
208 241
205 239
206 218
209 217
210 233
194 222
220 244
185 257
174 221
199 224
203 229
208 232
172 262
206 221
207 209
209 210
210 224
191 215
194 217
195 221
220 243
174 228
175 222
198 213
199 217
208 239
204 219
187 216
207 222
210 219
170 259
191 220
174 239
175 231
179 224
199 214
208 230
176 260
162 235
210 210
176 221
155 227
174 246
175 236
179 233
184 220
208 221
162 226
163 240
183 237
188 216
183 258
166 254
188 258
200 218
174 249
175 245
160 237
179 238
180 224
182 260
184 227
185 219
204 222
208 212
158 230
163 249
183 234
187 239
189 223
190 215
173 261
212 221
166 241
167 253
192 257
201 213
174 256
175 242
160 228
161 234
179 247
180 239
181 231
184 234
185 220
204 213
205 232
158 233
159 229
162 244
164 240
183 227
168 243
187 228
188 238
189 216
190 222
192 233
212 228
166 232
167 250
171 255
196 232
191 240
201 222
202 212
157 230
175 251
161 227
179 252
180 246
181 224
184 241
185 229
186 221
205 218
159 226
163 231
165 247
183 248
168 250
187 253
188 229
192 224
174 261
212 227
213 219
198 257
166 227
167 243
171 244
172 254
191 249
176 249
196 244
202 223
160 242
161 228
180 253
181 233
182 233
184 248
185 238
186 228
205 211
206 227
159 235
163 236
164 230
165 240
183 241
168 225
169 245
187 242
188 252
189 234
192 231
193 239
212 234
213 228
202 256
167 232
171 237
172 245
191 230
176 240
196 243
200 246
203 220
189 257
181 242
182 224
184 255
185 247
186 239
206 234
211 221
164 237
165 249
168 232
169 254
170 244
188 251
189 227
190 243
192 254
193 224
194 238
212 241
213 237
217 234
167 225
171 226
172 236
173 250
191 239
176 247
177 255
196 250
197 244
200 253
201 241
203 213
168 262
193 258
181 251
182 251
185 248
186 246
204 249
206 237
207 225
211 226
180 261
165 226
168 239
169 231
170 255
188 242
189 252
190 250
192 245
193 249
194 233
212 248
213 246
214 236
217 243
213 221
172 235
173 243
176 238
177 240
178 254
196 225
197 253
200 228
201 250
182 242
186 241
204 240
205 254
206 244
207 238
209 251
211 235
165 235
183 220
169 232
170 230
189 245
190 253
193 242
194 224
195 242
214 231
215 239
217 244
172 226
173 236
176 229
177 233
178 249
178 258
197 230
198 252
200 235
201 227
202 243
182 245
186 248
204 239
205 247
206 255
207 247
209 252
211 240
216 229
184 259
170 225
190 228
194 251
195 251
213 248
215 228
218 245
171 258
173 229
177 226
178 240
196 215
197 239
198 247
199 255
201 228
202 250
203 248
221 249
222 249
204 230
205 240
207 252
209 245
210 253
211 249
216 236
170 232
190 239
192 218
194 242
195 224
214 241
215 253
218 252
173 222
178 235
196 222
197 232
198 238
199 244
201 237
202 229
203 241
181 223
169 261
209 238
210 244
216 243
195 233
215 250
178 226
198 225
199 237
202 236
203 246
223 251
208 251
182 222
187 257
205 226
209 231
210 239
216 250
193 222
195 238
215 243
219 244
197 218
198 216
199 234
203 239
208 242
179 256
206 219
209 216
210 230
193 215
194 223
195 215
220 245
185 256
174 226
199 227
203 228
167 257
208 233
172 263
204 218
209 209
210 225
194 214
195 220
174 229
199 216
208 224
187 219
207 217
210 216
170 256
191 223
196 257
174 236
175 230
179 227
208 231
176 261
162 232
210 211
183 260
176 222
195 257
200 212
174 247
175 239
179 232
182 258
184 221
208 222
162 227
163 243
183 236
187 233
188 217
166 255
188 259
200 219
201 211
174 254
175 244
160 238
179 241
180 225
184 228
185 218
204 223
208 213
205 233
158 231
163 248
183 229
187 238
189 222
173 260
212 222
166 246
167 252
171 249
192 258
197 231
201 212
174 257
175 253
160 229
179 259
179 246
180 232
181 230
184 235
185 227
204 214
158 238
159 228
162 245
163 225
164 241
183 226
168 244
187 231
188 239
190 223
192 234
174 260
212 229
166 233
167 245
171 254
191 243
178 219
201 221
202 213
157 229
175 250
161 226
179 255
180 247
181 239
184 242
185 228
186 218
205 217
159 237
163 230
164 248
165 246
183 251
168 251
169 243
187 252
188 230
192 225
212 236
166 224
167 242
171 247
172 255
191 248
176 250
196 245
200 240
202 220
160 243
180 254
181 232
182 238
184 249
185 237
186 229
205 210
206 224
211 215
159 234
163 239
164 231
165 255
183 240
168 226
169 244
187 245
188 253
189 233
192 248
193 238
212 235
213 227
167 235
171 236
172 246
191 225
176 241
196 252
200 247
203 223
168 256
189 256
181 241
182 225
185 246
186 236
206 235
200 256
211 220
164 238
165 248
168 233
169 253
170 245
188 244
189 226
190 240
192 255
193 231
194 239
212 242
213 236
214 234
217 233
213 222
167 224
171 229
172 237
173 249
191 238
176 232
177 254
196 251
197 243
200 254
201 240
203 212
193 257
161 245
181 250
182 248
185 255
186 247
204 250
206 242
207 224
211 229
175 262
165 225
169 230
170 252
188 243
189 251
190 251
192 246
193 248
194 230
212 249
213 245
214 237
217 242
172 228
173 242
176 239
177 247
178 255
196 226
197 252
198 250
200 229
201 249
179 219
182 243
186 254
204 241
205 253
206 245
207 233
209 250
211 234
165 234
183 223
169 239
170 231
189 244
190 226
193 241
194 225
195 245
214 228
215 238
217 251
218 235
172 227
173 235
176 230
177 232
178 246
178 259
197 229
198 253
200 236
201 226
202 240
222 247
186 249
204 232
205 246
206 252
207 246
209 243
211 243
216 230
184 260
170 238
190 229
194 248
195 250
215 231
217 252
218 242
171 261
173 228
177 225
178 241
197 238
198 244
199 254
201 235
202 251
203 251
221 248
214 238
204 231
169 259
209 244
210 250
211 248
216 237
170 233
190 236
192 219
194 243
195 227
214 246
215 252
219 249
173 221
191 258
178 232
196 223
197 215
198 239
199 247
201 236
202 226
203 240
181 222
169 260
209 237
210 245
216 244
195 232
215 245
181 261
178 227
198 230
199 236
202 237
203 233
223 250
208 252
182 223
187 256
205 225
209 230
210 236
216 251
193 221
215 242
219 247
197 217
198 217
199 229
203 238
208 243
161 239
204 217
206 216
209 223
210 231
193 214
194 220
195 214
220 246
154 228
174 227
199 226
203 231
167 256
208 234
172 256
207 211
210 222
170 262
194 215
195 223
196 256
174 234
199 219
208 225
197 257
162 238
187 218
207 216
210 217
170 257
191 222
174 237
175 225
179 226
208 216
176 262
162 233
176 223
195 256
200 213
155 229
174 244
175 238
160 232
179 235
182 259
184 222
208 223
205 234
163 242
183 239
187 232
188 218
166 252
196 238
200 220
156 228
174 255
175 247
160 239
179 240
180 226
184 229
185 217
186 258
208 214
158 228
183 228
187 225
189 221
173 259
212 223
166 247
167 255
171 248
191 245
201 219
156 227
157 235
175 252
160 230
161 232
179 249
180 233
181 229
184 236
185 226
204 215
205 223
159 231
162 242
164 242
183 253
168 245
187 230
188 232
190 220
192 235
212 230
166 238
167 244
171 241
191 242
201 220
157 228
161 225
179 254
180 240
181 238
184 243
185 235
186 219
205 216
159 236
163 233
164 249
165 245
183 250
168 252
169 242
187 255
188 231
189 239
192 226
212 237
177 261
166 225
167 237
171 246
172 248
191 251
176 251
196 246
200 241
202 221
203 217
180 255
181 247
182 239
184 250
185 236
186 226
206 225
211 214
163 238
164 224
165 254
183 243
168 227
169 251
187 244
188 254
189 232
192 249
193 237
212 244
213 226
213 223
167 234
171 239
172 247
173 255
191 224
176 242
196 253
200 248
203 222
168 257
161 243
181 240
182 230
185 245
186 237
204 252
206 232
211 223
164 239
165 231
168 234
169 252
170 242
188 245
189 225
190 241
192 240
193 230
194 236
212 243
213 235
214 235
217 232
167 227
171 228
172 238
173 248
191 233
176 233
177 253
196 228
197 242
200 255
201 247
203 215
193 256
161 244
181 249
182 249
185 254
186 244
204 251
206 243
207 227
211 228
175 257
165 224
169 229
170 253
189 250
190 248
192 247
193 255
194 231
212 250
213 244
214 226
217 241
172 229
173 241
176 224
177 246
178 252
196 227
197 251
198 251
200 230
201 248
202 246
182 240
186 255
204 242
205 252
206 250
207 232
209 249
211 237
165 233
183 222
169 238
170 228
189 243
190 227
193 240
194 254
195 244
213 253
214 229
215 233
217 250
173 234
176 231
177 239
178 247
178 256
197 228
198 242
199 256
201 225
202 241
204 233
205 245
206 253
207 241
209 242
211 242
216 231
168 223
170 239
190 234
194 249
195 253
214 252
215 230
218 243
171 260
173 227
177 224
178 238
197 237
198 245
199 249
201 234
202 248
203 250
221 247
204 224
169 258
207 254
190 258
210 251
211 251
216 238
190 237
192 220
194 240
195 226
214 247
218 250
219 248
178 233
196 216
197 214
198 236
199 246
202 227
203 243
181 221
205 231
209 236
210 242
216 245
193 219
195 235
215 244
181 260
219 241
178 224
197 223
198 231
199 239
202 234
203 232
208 253
182 220
204 216
187 259
205 224
206 214
209 229
210 237
216 252
193 220
219 246
220 248
197 216
198 222
199 228
203 225
208 244
206 217
207 213
209 222
210 228
194 221
195 217
220 247
174 224
199 221
203 230
167 259
208 235
172 257
207 210
209 215
210 223
170 263
195 222
174 235
199 218
208 226
176 256
197 256
162 239
187 221
207 219
210 214
191 217
174 242
175 224
179 229
208 217
205 235
162 230
188 220
209 232
166 250
200 214
155 228
174 245
175 233
160 233
179 234
180 228
182 256
184 223
158 226
159 240
162 225
163 245
183 238
161 235
187 235
188 219
174 262
166 253
179 258
177 223
200 221
156 229
174 252
175 246
179 243
180 227
184 230
186 259
208 215
158 229
163 250
164 244
183 231
187 224
189 220
190 218
173 258
212 216
166 244
167 254
171 251
191 244
178 222
201 218
157 234
175 255
160 231
179 261
179 248
180 234
181 228
184 237
185 225
205 222
158 236
159 230
162 243
163 227
164 243
183 252
168 246
187 249
188 233
190 221
192 236
212 231
177 259
166 239
167 247
171 240
191 253
202 211
157 227
180 241
181 237
184 244
185 234
205 215
159 239
163 232
164 250
165 244
183 245
168 253
169 241
187 254
188 224
189 238
192 227
193 235
212 238
177 260
214 222
166 230
167 236
171 233
172 249
191 250
176 252
196 247
200 242
202 218
203 216
180 248
181 246
182 236
184 251
185 243
186 227
206 230
211 217
164 225
165 253
183 242
168 228
169 250
187 247
188 255
189 231
192 250
193 236
212 245
213 225
167 229
171 238
172 240
173 254
191 227
176 243
177 251
196 254
200 249
168 258
161 242
181 255
182 231
185 244
186 234
204 253
206 233
207 229
211 222
2395
164 232
168 235
170 243
188 246
190 246
192 241
193 229
194 237
212 252
213 234
214 232
215 218
217 239
218 231
171 231
172 239
173 247
191 232
176 234
177 252
230 244
196 229
197 241
200 224
201 246
221 235
225 232
181 248
182 254
185 253
186 245
204 244
206 240
207 226
211 231
175 256
180 256
165 239
170 250
189 249
190 249
193 254
194 228
212 251
213 243
214 227
217 240
218 238
224 217
172 230
173 240
177 245
178 253
178 262
197 250
198 248
200 231
201 255
202 247
221 228
222 242
225 225
182 241
165 263
186 252
204 243
205 251
206 251
207 235
209 248
211 236
229 245
216 225
165 232
169 237
189 242
193 247
194 255
195 247
213 252
214 250
215 232
217 249
218 233
219 237
166 258
173 233
177 238
178 244
178 257
197 227
198 243
200 238
201 224
202 254
222 245
225 250
226 232
165 256
204 234
205 244
207 240
209 241
211 245
216 232
170 236
190 235
194 246
195 252
214 253
215 225
218 240
219 226
220 236
166 261
171 263
177 231
178 239
197 236
198 234
199 248
201 233
202 249
203 253
203 256
223 246
225 243
226 227
227 243
204 225
169 257
207 249
190 259
210 248
211 250
216 239
194 241
195 229
214 244
218 251
219 251
220 235
224 238
178 230
198 237
199 241
202 224
203 242
222 231
225 244
226 250
227 248
205 230
209 227
210 243
194 258
216 246
195 234
215 247
181 259
219 240
220 226
224 229
198 228
199 238
202 235
203 235
222 238
223 228
208 254
226 245
227 225
228 241
187 258
209 228
210 234
229 233
231 245
220 249
198 223
199 231
203 224
167 261
208 245
227 230
228 248
206 222
209 221
210 229
231 242
217 222
220 240
224 243
221 218
222 216
167 258
208 236
172 258
228 231
207 221
210 220
170 260
218 223
174 232
208 227
205 236
176 257
158 241
162 236
209 233
163 256
196 236
219 220
174 243
179 228
223 216
173 253
201 256
157 236
183 257
166 251
161 233
220 221
223 239
174 250
175 232
160 234
179 237
180 229
182 257
227 232
228 250
159 243
162 254
163 244
183 233
187 234
166 242
200 222
174 253
175 241
179 242
180 236
184 231
186 256
158 234
162 249
163 253
164 245
183 230
168 240
187 227
173 257
166 245
167 249
171 250
191 247
174 260
175 254
160 248
161 238
179 251
180 235
181 227
184 238
205 221
158 237
162 240
164 252
183 255
168 247
187 248
188 234
192 237
212 224
177 258
166 236
167 246
171 243
191 252
180 242
181 236
182 234
184 245
185 233
159 238
163 235
164 251
165 243
183 244
168 254
169 240
187 241
189 237
192 228
193 234
212 239
213 231
214 223
166 231
167 239
171 232
172 250
191 229
176 253
196 240
200 243
225 221
160 246
161 248
180 249
181 245
182 237
184 252
185 242
206 231
165 252
169 249
187 246
188 248
189 230
192 251
193 227
212 246
213 224
215 220
217 229
172 241
196 235
191 226
176 244
177 250
196 255
197 247
200 250
168 259
226 220
161 241
181 254
182 228
185 251
186 235
204 254
206 238
207 228
211 225
164 233
168 236
170 240
188 247
189 255
190 247
192 242
193 228
194 234
212 253
213 233
214 233
217 238
218 228
171 230
172 232
173 246
191 235
176 235
177 243
196 230
197 240
200 225
201 245
221 234
225 239
227 223
182 255
185 252
186 242
204 245
206 241
207 237
211 230
175 259
180 257
165 238
169 235
170 251
189 248
190 254
193 253
194 229
195 241
213 242
214 224
217 247
218 239
166 264
172 231
173 239
177 244
178 250
196 237
197 249
198 249
200 232
201 254
202 244
221 227
222 243
225 224
226 238
182 246
165 262
186 253
204 236
205 250
206 248
207 234
211 239
229 244
216 226
184 256
169 236
189 241
190 225
193 246
194 252
195 246
213 251
214 251
215 235
217 248
218 246
219 236
166 259
171 257
173 232
177 237
178 245
197 226
198 240
200 239
201 231
202 255
222 250
225 249
226 233
204 235
205 243
207 243
209 240
210 254
211 244
216 233
170 237
190 232
194 247
195 255
214 242
215 224
218 241
219 229
220 237
224 232
171 262
177 230
178 236
197 235
198 235
199 251
201 232
202 230
203 252
221 245
223 241
225 242
226 224
227 242
204 222
204 226
169 256
207 248
190 256
210 249
211 253
216 240
195 228
214 245
215 249
218 248
219 250
220 228
224 239
178 231
198 226
199 240
202 225
203 245
222 228
208 248
205 229
209 226
210 240
229 239
230 247
216 247
195 237
215 246
181 258
219 243
220 227
224 230
198 229
199 233
202 232
203 234
222 239
223 231
226 242
227 224
228 242
210 235
229 232
230 238
231 244
221 246
220 250
185 259
199 230
203 227
167 260
208 246
172 260
228 249
206 223
209 220
210 226
217 221
220 241
185 260
224 244
174 230
199 223
221 217
222 217
208 237
172 259
205 237
207 220
209 234
210 221
170 261
218 220
174 233
175 229
208 228
228 239
176 258
162 237
174 256
179 256
219 223
223 236
174 240
179 231
223 219
227 233
159 245
216 218
183 256
166 248
188 256
220 222
174 251
175 235
160 235
179 236
180 230
159 242
163 247
183 232
187 237
173 263
166 243
200 223
174 258
175 240
179 245
180 237
184 232
186 257
158 235
162 246
163 252
164 246
168 241
187 226
188 236
173 256
166 234
167 248
171 253
191 246
174 261
175 249
161 237
179 250
180 244
184 239
185 231
162 241
164 253
183 254
168 248
187 251
188 235
192 238
212 225
177 257
166 237
167 241
171 242
172 252
191 255
225 219
160 240
180 243
181 235
182 235
184 246
185 232
186 230
159 233
163 234
165 242
183 247
168 255
169 247
187 240
188 226
189 236
192 229
193 233
212 232
213 230
214 220
217 227
167 238
171 235
172 251
178 256
191 228
176 254
230 246
196 241
200 244
225 220
189 259
200 237
160 247
180 250
181 244
184 253
185 241
206 228
211 219
165 251
169 248
170 246
188 249
189 229
192 252
193 226
212 247
213 239
215 223
217 228
167 231
172 242
173 252
191 237
176 245
177 249
196 248
197 246
200 251
201 243
168 260
226 221
161 240
181 253
182 229
185 250
186 232
204 255
206 239
207 231
211 224
175 261
164 234
168 237
170 241
188 240
189 254
190 244
192 243
193 251
194 235
213 232
214 238
217 237
218 229
172 233
173 245
191 234
176 236
177 242
196 231
197 255
200 226
201 244
221 233
225 238
182 252
186 243
204 246
206 246
207 236
211 233
175 258
180 258
165 237
169 234
170 248
189 247
190 255
193 252
194 226
195 240
213 241
214 225
215 237
217 246
218 236
224 219
173 238
177 235
178 251
178 260
197 248
198 254
200 233
201 253
202 245
221 226
222 240
225 231
226 239
182 247
165 261
186 250
204 237
205 249
206 249
207 245
209 254
211 238
229 243
216 227
184 257
189 240
190 230
193 245
194 253
195 249
213 250
214 248
215 234
218 247
219 239
166 256
171 256
173 231
177 236
178 242
197 225
198 241
199 253
201 230
202 252
221 251
222 251
225 248
226 230
204 228
205 242
207 242
209 247
211 247
216 234
170 234
190 233
194 244
195 254
214 243
215 227
219 228
220 238
224 233
191 257
177 229
178 237
197 234
198 232
199 250
201 239
202 231
203 255
221 244
222 226
223 240
225 241
226 225
227 245
204 227
169 263
207 251
190 257
210 246
211 252
216 241
195 231
215 248
218 249
220 229
224 224
178 228
198 227
199 243
202 238
203 244
222 229
223 249
208 249
226 248
227 250
228 244
169 264
209 225
210 241
229 238
194 256
216 248
195 236
215 241
181 257
219 242
224 231
199 232
202 233
203 237
222 236
223 230
208 240
226 243
227 227
228 243
210 232
230 239
231 247
217 219
220 251
185 258
199 225
203 226
221 223
167 263
208 247
172 261
205 238
209 235
210 227
217 220
220 242
224 245
174 231
222 222
208 238
207 223
157 238
170 258
161 235
218 221
219 217
223 237
174 238
223 221
208 229
228 232
176 259
162 234
219 222
174 241
175 237
179 230
223 218
208 220
159 244
163 241
216 219
183 259
166 249
188 257
220 223
174 248
175 234
160 236
179 239
180 231
204 221
162 252
163 246
183 235
187 236
173 262
212 220
166 240
192 256
174 259
175 243
179 257
179 244
180 238
184 233
162 247
163 255
164 247
168 242
187 229
188 237
192 232
212 219
166 235
167 251
171 252
191 241
201 223
175 248
161 236
179 253
180 245
184 240
185 230
164 254
183 249
168 249
187 250
188 228
192 239
212 226
177 256
198 256
167 240
171 245
172 253
178 259
191 254
176 248
202 222
225 218
200 236
160 241
180 252
181 234
182 232
184 247
185 239
186 231
206 226
163 237
165 241
183 246
169 246
187 243
188 227
189 235
192 230
193 232
212 233
213 229
214 221
217 226
167 233
171 234
172 244
191 231
176 255
196 242
200 245
189 258
223 234
180 251
181 243
182 227
184 254
185 240
186 238
206 229
227 239
164 236
165 250
168 231
169 255
170 247
188 250
189 228
190 242
192 253
193 225
212 240
213 238
215 222
217 235
230 245
172 243
173 251
191 236
176 246
177 248
196 249
197 245
200 252
201 242
221 239
168 261
226 218
161 247
181 252
182 250
185 249
186 233
204 248
206 236
207 230
211 227
175 260
180 260
164 235
168 238
170 254
188 241
189 253
190 245
192 244
193 250
194 232
213 247
214 239
217 236
218 226
172 234
173 244
176 237
177 241
196 224
197 254
200 227
201 251
221 232
225 237
182 253
186 240
204 247
205 255
206 247
207 239
211 232
180 259
165 236
169 233
170 249
189 246
190 252
193 243
194 227
195 243
213 240
214 230
215 236
217 245
218 237
219 233
213 220
224 220
173 237
177 234
178 248
178 261
179 260
198 255
200 234
201 252
202 242
221 225
222 241
225 230
226 236
182 244
165 260
186 251
204 238
205 248
206 254
207 244
209 253
211 241
229 242
216 228
184 258
190 231
193 244
194 250
195 248
213 249
214 249
215 229
218 244
219 238
166 257
171 259
173 230
178 243
197 224
198 246
199 252
201 229
202 253
203 249
221 250
222 248
226 231
204 229
205 241
207 253
209 246
210 252
211 246
216 235
170 235
190 238
194 245
195 225
214 240
215 226
219 231
220 239
224 234
191 256
177 228
178 234
197 233
198 233
199 245
201 238
202 228
203 254
221 243
222 227
223 243
225 240
227 244
169 262
207 250
209 239
210 247
230 242
216 242
195 230
215 251
219 252
220 230
224 225
196 239
178 229
198 224
199 242
202 239
203 247
222 234
223 248
208 250
226 249
228 245
205 227
209 224
210 238
229 237
194 257
228 238
216 249
195 239
215 240
181 256
219 245
224 248
199 235
203 236
222 237
223 225
208 241
226 240
227 226
205 239
232 247
210 233
231 246
217 218
220 244
185 257
199 224
203 229
221 222
167 262
208 232
172 262
206 221
210 224
157 239
220 243
224 246
222 223
208 239
207 222
170 259
218 218
155 234
174 239
175 231
223 220
208 230
228 233
176 260
162 235
174 246
175 236
179 233
208 221
163 240
183 237
216 220
183 258
166 254
188 258
156 234
174 249
175 245
160 237
179 238
182 260
184 227
186 260
162 253
163 249
183 234
187 239
173 261
212 221
166 241
167 253
192 257
157 237
175 242
161 234
179 247
180 239
181 231
184 234
227 238
205 232
162 244
163 254
164 240
183 227
168 243
187 228
188 238
192 233
212 228
166 232
167 250
171 255
178 258
191 240
201 222
175 251
179 252
180 246
184 241
185 229
164 255
165 247
183 248
168 250
187 253
188 229
192 224
212 227
213 219
214 219
198 257
167 243
171 244
172 254
191 249
176 249
196 244
164 256
202 223
225 217
223 235
160 242
180 253
181 233
182 233
184 248
185 238
186 228
206 227
227 236
159 235
163 236
165 240
183 241
169 245
187 242
188 252
189 234
192 231
193 239
212 234
213 228
217 225
202 256
167 232
171 237
172 245
191 230
176 240
196 243
200 246
189 257
181 242
184 255
185 247
186 239
206 234
211 221
164 237
165 249
168 232
169 254
170 244
188 251
189 227
190 243
192 254
193 224
194 238
212 241
213 237
217 234
172 236
173 250
191 239
176 247
177 255
196 250
197 244
200 253
201 241
221 238
168 262
225 235
226 219
193 258
161 246
181 251
182 251
185 248
186 246
204 249
206 237
207 225
211 226
180 261
168 239
169 231
170 255
188 242
189 252
190 250
192 245
193 249
194 233
212 248
213 246
214 236
217 243
218 227
213 221
172 235
173 243
176 238
177 240
178 254
196 225
197 253
200 228
201 250
221 231
225 236
182 242
186 241
204 240
205 254
206 244
207 238
209 251
211 235
231 249
165 235
169 232
170 230
189 245
190 253
193 242
194 224
195 242
214 231
215 239
217 244
218 234
219 232
224 221
173 236
176 229
177 233
178 249
196 232
197 230
198 252
200 235
201 227
202 243
221 224
222 246
225 229
226 237
182 245
165 259
186 248
204 239
205 247
206 255
207 247
209 252
211 240
229 241
216 229
184 259
190 228
194 251
195 251
213 248
215 228
218 245
219 225
166 262
171 258
178 240
197 239
198 247
199 255
201 228
202 250
203 248
221 249
222 249
223 245
226 228
204 230
205 240
207 252
209 245
210 253
211 249
230 248
216 236
170 232
190 239
194 242
195 224
214 241
215 253
218 252
219 230
220 232
224 235
178 235
197 232
198 238
199 244
201 237
202 229
203 241
221 242
222 224
223 242
225 247
227 247
169 261
209 238
210 244
211 254
230 243
216 243
195 233
215 250
220 231
224 226
198 225
199 237
202 236
203 246
222 235
223 251
208 251
226 246
228 246
187 257
205 226
209 231
210 239
229 236
231 248
216 250
195 238
215 243
219 244
224 249
199 234
203 239
167 264
208 242
226 241
227 229
232 248
210 230
230 237
220 245
185 256
224 240
199 227
203 228
221 221
167 257
208 233
172 263
228 228
210 225
232 249
224 247
174 229
222 220
208 224
158 242
170 256
218 219
219 219
196 257
174 236
175 230
223 223
208 231
228 234
176 261
162 232
183 260
195 257
156 236
174 247
175 239
179 232
182 258
208 222
159 246
163 243
183 236
187 233
216 221
166 255
188 259
220 217
156 235
174 254
175 244
160 238
179 241
182 261
184 228
204 223
205 233
162 250
163 248
183 229
187 238
173 260
212 222
166 246
167 252
171 249
192 258
197 231
174 257
175 253
179 259
179 246
180 232
181 230
184 235
185 227
158 238
162 245
164 241
168 244
187 231
188 239
192 234
212 229
166 233
167 245
171 254
191 243
223 232
175 250
179 255
180 247
181 239
184 242
185 228
227 237
159 237
164 248
165 246
183 251
168 251
169 243
187 252
188 230
192 225
212 236
177 262
167 242
171 247
172 255
191 248
176 250
196 245
200 240
164 257
225 216
160 243
161 251
180 254
181 232
182 238
184 249
185 237
186 229
206 224
159 234
163 239
165 255
183 240
169 244
187 245
188 253
189 233
192 248
193 238
212 235
213 227
217 224
167 235
171 236
172 246
191 225
176 241
196 252
200 247
203 223
168 256
189 256
181 241
185 246
186 236
206 235
200 256
211 220
164 238
165 248
168 233
169 253
170 245
188 244
189 226
190 240
192 255
193 231
194 239
212 242
213 236
214 234
217 233
213 222
172 237
173 249
191 238
176 232
177 254
196 251
197 243
200 254
201 240
221 237
168 263
225 234
193 257
157 240
161 245
181 250
182 248
185 255
186 247
204 250
206 242
207 224
211 229
175 262
170 252
188 243
189 251
190 251
192 246
193 248
194 230
212 249
213 245
214 237
217 242
218 224
173 242
176 239
177 247
178 255
196 226
197 252
198 250
200 229
201 249
221 230
225 227
182 243
186 254
204 241
205 253
206 245
207 233
209 250
211 234
229 247
165 234
169 239
170 231
189 244
190 226
193 241
194 225
195 245
214 228
215 238
217 251
218 235
219 235
224 222
173 235
176 230
177 232
178 246
196 233
197 229
198 253
199 257
201 226
202 240
222 247
225 228
226 234
165 258
186 249
204 232
205 246
206 252
207 246
209 243
211 243
229 240
216 230
184 260
170 238
190 229
194 248
195 250
215 231
217 252
218 242
219 224
166 263
171 261
178 241
197 238
198 244
199 254
201 235
202 251
203 251
221 248
223 244
226 229
227 241
204 231
169 259
207 255
209 244
210 250
211 248
229 249
230 249
216 237
170 233
190 236
194 243
195 227
214 246
215 252
219 249
220 233
224 236
191 258
178 232
196 223
198 239
199 247
201 236
202 226
203 240
221 241
222 225
225 246
227 246
169 260
209 237
210 245
230 240
216 244
195 232
215 245
181 261
220 224
224 227
198 230
199 236
202 237
203 233
222 232
223 250
208 252
226 247
228 247
187 256
205 225
209 230
210 236
229 235
216 251
215 242
219 247
224 250
223 224
199 229
203 238
223 227
208 243
227 228
161 239
209 223
210 231
220 246
224 241
199 226
203 231
221 220
222 218
167 256
208 234
172 256
228 229
210 222
170 262
196 256
174 234
222 221
208 225
228 236
158 243
197 257
162 238
170 257
219 218
174 237
223 222
228 235
176 262
162 233
195 256
156 237
174 244
175 238
179 235
182 259
208 223
205 234
159 241
163 242
183 239
187 232
216 222
166 252
196 238
220 218
174 255
175 247
160 239
179 240
184 229
186 258
162 251
163 251
183 228
173 259
212 223
166 247
167 255
171 248
191 245
223 233
157 235
175 252
179 258
179 249
180 233
181 229
184 236
185 226
205 223
227 234
158 239
162 242
164 242
183 253
168 245
187 230
188 232
192 235
212 230
166 238
167 244
171 241
191 242
179 254
180 240
181 238
184 243
185 235
159 236
163 233
164 249
165 245
183 250
168 252
169 242
187 255
188 231
189 239
192 226
212 237
177 261
167 237
171 246
172 248
191 251
176 251
196 246
200 241
164 258
225 223
160 244
161 250
180 255
181 247
182 239
184 250
185 236
186 226
206 225
163 238
165 254
183 243
169 251
187 244
188 254
189 232
192 249
193 237
212 244
213 226
217 231
213 223
167 234
171 239
172 247
173 255
176 242
196 253
200 248
203 222
168 257
226 222
161 243
181 240
182 230
185 245
186 237
204 252
206 232
211 223
164 239
168 234
169 252
170 242
188 245
189 225
190 241
192 240
193 230
194 236
212 243
213 235
214 235
215 219
217 232
218 230
172 238
173 248
191 233
176 233
177 253
196 228
197 242
200 255
201 247
221 236
168 264
225 233
193 256
161 244
181 249
182 249
185 254
186 244
204 251
206 243
207 227
211 228
175 257
170 253
189 250
190 248
192 247
193 255
194 231
212 250
213 244
214 226
217 241
218 225
224 216
173 241
177 246
178 252
196 227
197 251
198 251
200 230
201 248
202 246
221 229
225 226
182 240
186 255
204 242
205 252
206 250
207 232
209 249
211 237
229 246
216 224
165 233
169 238
189 243
190 227
193 240
194 254
195 244
213 253
214 229
215 233
217 250
218 232
219 234
224 223
173 234
176 231
177 239
178 247
196 234
197 228
198 242
199 256
201 225
202 241
222 244
226 235
165 257
204 233
205 245
206 253
207 241
209 242
211 242
216 231
170 239
190 234
194 249
195 253
214 252
215 230
218 243
219 227
166 260
171 260
178 238
197 237
198 245
199 249
201 234
202 248
203 250
221 247
223 247
226 226
227 240
204 224
169 258
207 254
190 258
210 251
211 251
229 248
216 238
190 237
194 240
195 226
214 247
218 250
219 248
220 234
224 237
178 233
198 236
199 246
202 227
203 243
221 240
222 230
225 245
227 249
205 231
209 236
210 242
230 241
216 245
195 235
215 244
181 260
219 241
220 225
224 228
197 223
198 231
199 239
202 234
203 232
222 233
223 229
208 253
226 244
228 240
187 259
205 224
209 229
210 237
229 234
216 252
219 246
220 248
224 251
199 228
203 225
223 226
208 244
227 231
209 222
210 228
231 243
217 223
220 247
224 242
203 230
221 219
222 219
167 259
208 235
172 257
228 230
210 223
224 218
170 263
218 222
174 235
208 226
228 237
176 256
158 240
197 256
162 239
163 257
219 221
174 242
179 229
223 217
205 235
209 232
166 250
220 220
174 245
175 233
160 233
179 234
180 228
182 256
159 240
163 245
183 238
187 235
174 262
216 223
166 253
220 219
223 238
174 252
175 246
179 243
184 230
186 259
227 235
162 248
163 250
164 244
183 231
173 258
166 244
167 254
171 251
191 244
157 234
175 255
179 261
179 248
180 234
181 228
184 237
205 222
158 236
162 243
164 243
183 252
168 246
187 249
188 233
192 236
212 231
177 259
166 239
167 247
171 240
191 253
164 260
180 241
181 237
184 244
185 234
159 239
163 232
164 250
165 244
183 245
168 253
169 241
187 254
189 238
192 227
193 235
212 238
177 260
214 222
167 236
171 233
172 249
191 250
176 252
196 247
200 242
164 259
225 222
160 245
161 249
180 248
181 246
182 236
184 251
185 243
186 227
206 230
165 253
183 242
169 250
187 247
188 255
189 231
192 250
193 236
212 245
213 225
215 221
217 230
171 238
172 240
173 254
191 227
176 243
177 251
196 254
200 249
168 258
226 223
161 242
181 255
182 231
185 244
186 234
204 253
206 233
207 229
205 228
211 222
1374
168 235
170 243
188 246
190 246
192 241
193 229
194 237
213 234
217 239
172 239
173 247
191 232
176 234
177 252
196 229
197 241
201 246
181 248
182 254
185 253
186 245
204 244
206 240
211 231
175 256
180 256
165 239
170 250
189 249
190 249
193 254
212 251
213 243
217 240
173 240
177 245
178 253
178 262
197 250
198 248
200 231
201 255
202 247
182 241
186 252
204 243
205 251
206 251
207 235
209 248
211 236
169 237
189 242
193 247
194 255
195 247
214 250
217 249
173 233
177 238
178 244
178 257
198 243
200 238
202 254
204 234
205 244
207 240
209 241
211 245
170 236
190 235
194 246
195 252
178 239
197 236
198 234
199 248
201 233
202 249
203 253
221 246
205 237
207 249
190 259
210 248
211 250
216 239
194 241
195 229
214 244
198 237
199 241
203 242
205 230
209 227
210 243
216 246
195 234
215 247
181 259
198 228
199 238
202 235
203 235
187 258
209 228
210 234
199 231
208 245
210 229
208 236
174 232
208 227
176 257
162 236
209 233
196 236
174 243
173 253
183 257
174 250
175 232
179 237
182 257
183 233
187 234
166 242
174 253
175 241
179 242
180 236
184 231
186 256
168 240
171 250
191 247
175 254
179 260
179 251
180 235
184 238
183 255
187 248
188 234
192 237
177 258
166 236
171 243
191 252
180 242
181 236
182 234
184 245
185 233
163 235
183 244
169 240
187 241
189 237
193 234
212 239
167 239
172 250
176 253
196 240
200 243
180 249
181 245
182 237
184 252
185 242
206 231
187 246
188 248
189 230
192 251
212 246
172 241
196 235
176 244
177 250
196 255
197 247
200 250
181 254
185 251
186 235
204 254
206 238
207 228
168 236
170 240
188 247
189 255
190 247
192 242
194 234
213 233
173 246
191 235
176 235
177 243
196 230
197 240
201 245
182 255
185 252
186 242
204 245
206 241
207 237
211 230
180 257
165 238
169 235
189 248
190 254
193 253
194 229
195 241
213 242
217 247
173 239
177 244
178 250
196 237
197 249
198 249
200 232
201 254
202 244
182 246
186 253
204 236
205 250
206 248
207 234
211 239
184 256
169 236
189 241
193 246
194 252
195 246
213 251
217 248
218 246
177 237
178 245
198 240
200 239
201 231
204 235
205 243
207 243
209 240
211 244
170 237
190 232
194 247
195 255
214 242
218 241
178 236
197 235
198 235
199 251
201 232
202 230
203 252
205 236
207 248
190 256
210 249
216 240
214 245
215 249
218 248
199 240
203 245
208 248
205 229
210 240
216 247
195 237
215 246
181 258
219 243
198 229
199 233
202 232
203 234
210 235
185 259
199 230
208 246
185 260
208 237
209 234
174 233
208 228
176 258
162 237
174 240
183 256
188 256
174 251
175 235
179 236
183 232
187 237
166 243
175 240
179 245
180 237
184 232
186 257
168 241
188 236
166 234
191 246
175 249
179 250
180 244
184 239
185 231
183 254
187 251
188 235
192 238
177 257
166 237
167 241
171 242
172 252
191 255
180 243
181 235
182 235
184 246
185 232
186 230
163 234
165 242
183 247
169 247
187 240
189 236
192 229
193 233
212 232
167 238
171 235
172 251
178 256
176 254
196 241
200 244
189 259
199 256
180 250
181 244
184 253
185 241
206 228
169 248
170 246
188 249
192 252
212 247
213 239
172 242
173 252
191 237
176 245
177 249
196 248
197 246
200 251
201 243
181 253
185 250
186 232
206 239
207 231
164 234
168 237
170 241
188 240
189 254
190 244
192 243
193 251
194 235
213 232
214 238
172 233
173 245
191 234
176 236
177 242
196 231
197 255
201 244
182 252
186 243
204 246
206 246
207 236
211 233
180 258
165 237
169 234
170 248
189 247
190 255
193 252
195 240
213 241
215 237
217 246
173 238
177 235
178 251
178 260
197 248
198 254
200 233
201 253
202 245
182 247
186 250
204 237
205 249
206 249
207 245
211 238
184 257
189 240
190 230
193 245
194 253
195 249
213 250
214 248
218 247
177 236
178 242
198 241
199 253
201 230
202 252
204 228
205 242
207 242
209 247
211 247
170 234
190 233
194 244
195 254
214 243
191 257
178 237
197 234
198 232
199 250
201 239
202 231
204 227
205 235
207 251
190 257
210 246
216 241
195 231
215 248
218 249
199 243
202 238
203 244
208 249
205 228
210 241
194 256
216 248
195 236
215 241
181 257
199 232
202 233
203 237
208 240
187 260
210 232
185 258
208 247
209 235
210 227
179 262
208 238
161 235
174 238
208 229
176 259
162 234
174 241
175 237
183 259
188 257
174 248
175 234
179 239
180 231
183 235
187 236
166 240
192 256
175 243
179 257
179 244
180 238
184 233
168 242
188 237
192 232
166 235
191 241
175 248
161 236
179 253
180 245
184 240
183 249
187 250
192 239
177 256
198 256
167 240
171 245
172 253
178 259
191 254
176 248
180 252
181 234
182 232
184 247
185 239
186 231
163 237
165 241
183 246
169 246
187 243
189 235
192 230
193 232
212 233
171 234
172 244
191 231
176 255
196 242
200 245
189 258
180 251
181 243
184 254
185 240
186 238
206 229
164 236
170 247
188 250
190 242
192 253
212 240
213 238
172 243
173 251
191 236
176 246
177 248
196 249
197 245
200 252
201 242
181 252
182 250
185 249
186 233
204 248
206 236
207 230
180 260
164 235
168 238
188 241
189 253
190 245
192 244
193 250
194 232
213 247
214 239
172 234
173 244
176 237
177 241
197 254
201 251
182 253
186 240
204 247
206 247
207 239
211 232
180 259
165 236
169 233
170 249
189 246
190 252
193 243
195 243
213 240
215 236
217 245
173 237
177 234
178 248
178 261
197 231
198 255
200 234
201 252
202 242
182 244
186 251
204 238
205 248
207 244
211 241
184 258
190 231
193 244
194 250
195 248
213 249
214 249
218 244
178 243
198 246
199 252
201 229
202 253
203 249
222 248
204 229
205 241
207 253
209 246
210 252
211 246
170 235
190 238
194 245
214 240
191 256
178 234
197 233
198 233
199 245
201 238
202 228
203 254
205 234
207 250
209 239
210 247
216 242
195 230
196 239
199 242
202 239
203 247
208 250
205 227
210 238
194 257
216 249
195 239
215 240
181 256
219 245
199 235
203 236
208 241
210 233
220 244
185 257
203 229
208 232
208 239
174 239
208 230
162 235
183 261
174 246
175 236
179 233
183 237
183 258
188 258
174 249
175 245
179 238
182 260
186 260
183 234
187 239
166 241
192 257
174 256
175 242
179 256
179 247
180 239
181 231
184 234
164 240
168 243
188 238
192 233
178 258
191 240
175 251
179 252
180 246
184 241
183 248
187 253
167 243
171 244
191 249
176 249
196 244
180 253
181 233
182 233
184 248
185 238
206 227
163 236
165 240
183 241
169 245
187 242
188 252
189 234
192 231
193 239
212 234
171 237
172 245
191 230
176 240
196 243
200 246
189 257
181 242
184 255
185 247
186 239
206 234
164 237
170 244
188 251
190 243
192 254
194 238
212 241
213 237
172 236
173 250
191 239
176 247
177 255
196 250
197 244
200 253
201 241
193 258
181 251
182 251
185 248
186 246
204 249
206 237
180 261
168 239
188 242
189 252
190 250
192 245
193 249
194 233
212 248
213 246
214 236
217 243
172 235
173 243
176 238
177 240
178 254
197 253
200 228
201 250
182 242
186 241
204 240
206 244
207 238
209 251
211 235
165 235
189 245
190 253
193 242
195 242
215 239
217 244
173 236
177 233
178 249
196 232
197 230
198 252
200 235
202 243
182 245
186 248
204 239
205 247
207 247
209 252
211 240
184 259
194 251
195 251
213 248
218 245
178 240
197 239
198 247
199 255
201 228
202 250
203 248
204 230
205 240
207 252
209 245
211 249
190 239
194 242
214 241
178 235
197 232
198 238
199 244
201 237
202 229
203 241
205 233
209 238
210 244
216 243
195 233
215 250
181 262
199 237
202 236
203 246
208 251
187 257
209 231
210 239
216 250
195 238
215 243
219 244
199 234
203 239
208 242
210 230
220 245
185 256
203 228
208 233
196 257
174 236
208 231
183 260
195 257
174 247
175 239
179 232
182 258
183 236
187 233
188 259
174 254
175 244
179 241
182 261
187 238
171 249
192 258
175 253
179 259
179 246
180 232
184 235
168 244
187 231
188 239
192 234
167 245
191 243
175 250
179 255
180 247
181 239
184 242
183 251
169 243
187 252
188 230
212 236
167 242
171 247
191 248
176 250
196 245
200 240
180 254
181 232
182 238
184 249
185 237
163 239
183 240
169 244
187 245
188 253
189 233
192 248
193 238
212 235
167 235
171 236
172 246
176 241
196 252
200 247
189 256
181 241
185 246
186 236
206 235
164 238
168 233
170 245
188 244
190 240
192 255
193 231
194 239
212 242
213 236
214 234
172 237
173 249
191 238
176 232
177 254
196 251
197 243
200 254
201 240
193 257
181 250
182 248
185 255
186 247
204 250
206 242
211 229
180 262
188 243
189 251
190 251
192 246
193 248
194 230
212 249
213 245
214 237
217 242
173 242
176 239
177 247
178 255
197 252
198 250
200 229
201 249
182 243
186 254
204 241
205 253
206 245
207 233
209 250
211 234
165 234
169 239
189 244
193 241
195 245
215 238
173 235
177 232
178 246
196 233
197 229
198 253
200 236
202 240
186 249
204 232
205 246
206 252
207 246
209 243
211 243
184 260
170 238
194 248
195 250
218 242
178 241
197 238
198 244
199 254
201 235
202 251
203 251
221 248
204 231
205 239
209 244
210 250
211 248
216 237
170 233
190 236
194 243
214 246
219 249
191 258
178 232
198 239
199 247
201 236
203 240
205 232
209 237
210 245
216 244
195 232
215 245
181 261
198 230
199 236
202 237
203 233
208 252
187 256
209 230
210 236
215 242
219 247
199 229
203 238
208 243
210 231
220 246
203 231
208 234
196 256
174 234
174 237
195 256
174 244
175 238
179 235
182 259
183 239
187 232
196 238
174 255
175 247
179 240
186 258
171 248
191 245
175 252
179 258
179 249
180 233
184 236
183 253
168 245
187 230
188 232
192 235
166 238
167 244
171 241
191 242
179 254
180 240
181 238
184 243
185 235
183 250
169 242
187 255
188 231
189 239
212 237
167 237
171 246
172 248
191 251
176 251
196 246
200 241
180 255
181 247
182 239
184 250
185 236
163 238
183 243
187 244
188 254
189 232
192 249
193 237
212 244
167 234
171 239
172 247
176 242
196 253
200 248
181 240
185 245
186 237
204 252
206 232
164 239
168 234
170 242
188 245
190 241
192 240
193 230
194 236
212 243
213 235
214 235
172 238
173 248
191 233
176 233
177 253
197 242
200 255
201 247
193 256
181 249
182 249
185 254
186 244
204 251
206 243
207 227
175 257
189 250
190 248
192 247
193 255
194 231
212 250
213 244
217 241
173 241
177 246
178 252
197 251
198 251
200 230
201 248
202 246
182 240
186 255
204 242
205 252
206 250
207 232
209 249
211 237
169 238
189 243
193 240
194 254
195 244
173 234
177 239
178 247
196 234
198 242
200 237
202 241
204 233
205 245
206 253
207 241
209 242
211 242
184 261
170 239
190 234
194 249
195 253
218 243
178 238
197 237
198 245
199 249
201 234
202 248
203 250
221 247
205 238
190 258
210 251
211 251
216 238
190 237
194 240
214 247
219 248
178 233
198 236
199 246
203 243
205 231
209 236
210 242
216 245
195 235
215 244
181 260
198 231
199 239
202 234
203 232
187 259
209 229
210 237
219 246
220 248
199 228
208 244
210 228
220 247
203 230
208 235
174 235
176 256
197 256
174 242
209 232
174 245
175 233
179 234
182 256
183 238
187 235
174 252
175 246
179 243
186 259
183 231
171 251
191 244
175 255
179 261
179 248
180 234
184 237
183 252
168 246
187 249
188 233
192 236
212 231
177 259
166 239
171 240
191 253
180 241
181 237
184 244
185 234
183 245
169 241
187 254
189 238
193 235
212 238
177 260
167 236
171 233
172 249
191 250
176 252
196 247
200 242
180 248
181 246
182 236
184 251
185 243
206 230
183 242
187 247
188 255
189 231
192 250
193 236
212 245
171 238
172 240
173 254
176 243
177 251
196 254
200 249
181 255
182 231
185 244
186 234
204 253
206 233
207 229
