9
1061
190 236
194 243
186 257
214 246
170 243
188 246
190 246
192 241
194 237
213 234
208 239
217 239
168 241
188 236
198 239
199 247
173 256
203 240
173 247
177 252
197 241
217 244
201 246
171 253
191 246
216 248
205 232
209 237
210 245
181 248
182 254
185 253
186 245
204 244
206 240
175 249
211 231
179 250
180 244
175 256
184 239
180 256
215 245
174 239
170 250
189 249
190 249
193 254
213 243
183 254
168 248
187 251
176 260
199 236
192 238
202 237
203 233
177 257
173 240
177 245
178 253
196 236
197 250
198 248
167 241
202 247
171 242
172 252
191 255
187 256
210 236
182 241
186 252
204 243
205 251
206 251
207 235
209 248
211 236
180 243
184 246
201 252
215 242
174 246
219 247
189 242
193 247
194 255
195 247
214 250
165 242
183 247
169 247
187 240
189 236
201 236
203 238
212 232
208 243
183 237
178 244
178 257
198 243
200 238
172 251
196 234
176 254
196 241
183 258
200 244
210 231
216 246
223 247
204 234
205 244
207 240
209 241
211 245
180 250
181 244
184 253
185 241
174 249
175 245
220 246
179 238
194 246
195 252
222 244
218 240
169 248
170 246
188 249
192 252
212 247
213 239
208 234
172 256
178 239
187 239
197 236
198 234
199 248
201 233
202 249
221 246
172 242
173 252
191 237
176 245
177 249
196 248
197 246
166 241
201 243
205 237
207 249
209 234
208 237
211 250
181 253
216 239
185 250
223 246
206 239
174 256
175 242
179 256
179 247
180 239
194 241
214 244
170 241
188 240
189 254
190 244
192 243
193 251
194 235
213 232
196 235
217 237
168 243
188 238
198 237
199 241
201 238
200 251
201 250
173 245
177 242
201 244
171 255
191 240
210 243
182 252
216 244
186 243
204 246
206 246
207 236
175 251
211 233
179 252
180 246
175 258
184 241
180 258
195 234
215 247
219 240
170 248
189 247
190 255
193 252
195 240
213 241
215 237
183 248
168 250
187 253
199 238
202 235
203 235
217 246
178 251
196 238
197 248
198 254
200 233
167 243
202 245
171 244
172 254
191 249
176 249
196 244
214 238
210 234
182 247
186 250
204 237
205 249
206 249
207 245
211 238
180 253
184 248
185 238
184 257
174 244
189 240
193 245
194 253
195 249
213 250
214 248
183 241
218 247
169 245
187 242
188 252
193 239
171 256
212 234
208 245
183 239
178 242
198 241
199 253
202 252
172 245
176 240
196 243
216 241
200 246
214 241
217 247
205 242
207 242
209 247
211 247
181 242
184 255
185 247
186 239
206 234
174 255
175 247
201 253
179 240
194 244
195 254
214 243
170 244
188 251
190 243
192 254
194 238
212 241
213 237
208 236
172 258
197 234
199 250
173 259
221 244
173 250
191 239
176 247
177 255
196 250
197 244
218 238
200 253
201 241
171 248
191 245
205 235
207 251
209 232
210 246
181 251
182 251
185 248
186 246
204 249
206 237
175 252
179 258
179 249
201 251
215 248
170 255
188 242
189 252
190 250
192 245
193 249
212 248
213 246
214 236
183 253
168 245
176 257
199 243
192 235
202 238
203 244
173 243
208 249
177 240
178 254
197 253
209 233
167 244
171 241
191 242
210 241
182 242
186 241
204 240
206 244
207 238
209 251
211 235
179 254
180 240
181 238
184 243
216 240
195 236
215 241
174 243
181 257
219 242
189 245
190 253
193 242
195 242
215 239
183 250
169 242
187 255
189 239
202 233
203 237
212 237
208 240
178 249
178 258
198 252
200 235
202 243
171 246
172 248
191 251
176 251
196 246
183 257
200 241
210 232
182 245
186 248
204 239
205 247
207 247
211 240
180 255
181 247
182 239
184 250
174 250
182 257
194 251
195 251
213 248
183 243
218 245
169 251
187 244
188 254
192 249
193 237
212 244
208 247
178 240
197 239
198 247
202 250
203 248
172 247
173 255
176 242
196 253
166 242
205 240
209 245
211 249
181 240
216 236
185 245
186 237
204 252
206 232
174 253
175 241
220 242
179 242
223 245
190 239
194 242
186 256
201 248
169 252
170 242
188 245
190 241
192 240
194 236
212 243
213 235
214 235
208 238
198 238
199 244
173 257
203 241
221 242
217 240
173 248
225 247
177 253
197 242
166 245
201 247
171 250
200 248
191 247
205 233
209 238
210 244
181 249
182 249
185 254
186 244
204 251
217 242
206 243
174 260
175 254
179 251
175 257
184 238
224 247
216 243
170 253
189 250
190 248
192 247
193 255
212 250
213 244
183 255
168 247
187 248
176 259
199 237
192 237
202 236
203 246
177 258
173 241
208 251
177 246
178 252
197 251
198 251
167 246
202 246
171 243
191 252
216 249
187 257
209 231
210 239
182 240
186 255
204 242
205 252
206 250
207 232
209 249
211 237
180 242
184 245
195 238
215 243
174 241
219 244
189 243
193 240
194 254
195 244
165 243
183 244
187 241
189 237
199 234
203 239
212 239
208 242
177 239
178 247
178 256
198 242
200 237
202 241
172 250
176 253
196 240
200 243
204 233
205 245
207 241
209 242
211 242
180 249
181 245
184 252
185 242
174 248
220 245
179 239
185 256
194 249
195 253
218 243
169 249
187 246
188 248
192 251
212 246
208 233
187 236
197 237
198 245
199 249
201 234
202 248
203 250
221 247
172 241
173 253
176 244
177 250
197 247
200 250
216 247
205 238
209 235
210 251
181 254
216 238
185 251
206 238
174 259
175 243
179 257
179 244
180 238
190 237
194 240
214 247
222 245
219 248
170 240
188 247
189 255
190 247
192 242
213 233
217 238
168 242
188 237
198 236
199 246
203 243
173 246
191 235
177 243
197 240
201 245
171 252
191 241
209 236
210 242
182 255
185 252
186 242
204 245
206 241
207 237
175 248
179 253
180 245
175 259
184 240
180 257
195 235
215 244
219 241
170 251
189 248
190 254
193 253
195 241
213 242
208 231
183 249
168 249
187 250
199 239
192 239
201 237
177 256
203 242
177 244
178 250
196 237
197 249
198 249
202 244
171 245
172 253
191 254
176 248
224 246
210 237
182 246
216 245
186 253
204 236
205 250
206 248
207 234
211 239
180 252
184 247
185 239
184 256
174 247
175 239
219 246
220 248
189 241
182 258
193 246
194 252
195 246
215 235
183 246
218 246
169 246
187 243
217 245
171 257
212 233
208 244
178 245
198 240
200 239
202 234
172 244
176 255
196 242
200 245
204 235
205 243
207 243
209 240
211 244
180 251
181 243
184 254
185 240
186 238
174 254
175 244
220 247
179 241
194 247
195 255
214 242
218 241
170 247
188 250
190 242
192 253
212 240
213 238
208 235
172 257
187 238
197 235
198 235
199 251
173 260
201 239
203 252
221 245
172 243
173 251
191 236
176 246
177 248
196 249
197 245
200 252
201 242
171 249
205 236
207 248
190 256
210 249
181 252
182 250
185 249
204 248
206 236
174 257
175 253
179 259
179 246
175 260
214 245
215 249
222 246
218 248
170 254
188 241
189 253
190 245
192 244
193 250
213 247
214 239
168 244
188 239
176 256
199 240
203 245
173 244
208 248
177 241
197 254
218 239
167 245
171 254
191 243
210 240
182 253
186 240
204 247
206 247
207 239
175 250
211 232
179 255
180 247
181 239
184 242
180 259
195 237
215 246
174 242
181 258
219 243
170 249
189 246
190 252
193 243
195 243
213 240
215 236
183 251
169 243
187 252
199 233
203 234
212 236
178 248
196 239
200 234
167 242
202 242
171 247
172 255
191 248
176 250
196 245
200 240
210 235
182 244
186 251
204 238
205 248
207 244
211 241
180 254
182 238
184 249
185 237
174 245
182 256
193 244
194 250
195 248
213 249
214 249
183 240
218 244
169 244
187 245
188 253
192 248
193 238
212 235
208 246
183 238
178 243
198 246
199 252
202 253
203 249
172 246
217 241
176 241
196 252
200 247
189 256
205 241
209 246
211 246
181 241
217 249
185 246
206 235
174 252
175 246
220 241
179 243
190 238
194 245
214 240
170 245
188 244
190 240
192 255
194 239
212 242
213 236
214 234
191 256
172 259
216 242
199 245
173 258
221 243
173 249
191 238
177 254
196 251
197 243
166 244
201 240
171 251
210 248
191 244
205 234
207 250
209 239
210 247
181 250
182 248
185 255
186 247
204 250
206 242
175 255
179 248
223 244
184 237
170 252
188 243
189 251
190 251
192 246
193 248
212 249
213 245
214 237
183 252
168 246
222 247
187 249
176 258
199 242
192 236
202 239
203 247
212 231
177 259
173 242
208 250
176 239
177 247
178 255
197 252
198 250
167 247
171 240
200 249
191 253
210 238
182 243
186 254
204 241
206 245
207 233
209 250
211 234
180 241
184 244
195 239
215 240
174 240
181 256
219 245
189 244
193 241
195 245
215 238
183 245
169 241
187 254
189 238
199 235
193 235
203 236
212 238
208 241
178 246
178 259
198 253
200 236
202 240
172 249
191 250
176 252
196 247
183 256
200 242
210 233
188 256
186 249
204 232
205 246
206 252
207 246
209 243
211 243
180 248
181 246
184 251
185 243
174 251
220 244
185 257
194 248
195 250
217 248
183 242
218 242
169 250
187 247
188 255
192 250
193 236
212 245
208 232
178 241
187 237
197 238
198 244
199 254
201 235
202 251
203 251
221 248
172 240
173 254
176 243
177 251
196 254
166 243
217 243
201 249
205 239
222 243
209 244
210 250
211 248
181 255
216 237
185 244
206 233
174 258
175 240
220 243
179 245
2218
188 246
190 246
192 241
193 229
194 237
212 252
213 234
214 232
217 239
218 231
223 266
171 231
172 239
173 247
191 232
176 234
177 252
196 229
197 241
210 258
201 246
221 235
200 239
193 263
234 267
214 257
181 248
182 254
185 253
186 245
204 244
206 240
211 231
175 256
221 252
180 256
225 246
205 264
189 249
190 249
193 254
194 228
212 251
213 243
214 227
217 240
218 238
227 267
173 240
232 265
177 245
178 253
178 262
197 250
198 248
199 266
201 255
202 247
222 242
218 256
182 241
186 252
204 243
205 251
206 251
207 235
209 248
211 236
205 257
189 242
209 265
193 247
194 255
195 247
213 252
214 250
215 232
217 249
218 233
219 237
173 233
177 238
178 244
178 257
198 243
199 259
202 254
221 253
222 245
208 265
227 258
218 267
204 234
205 244
207 240
209 241
211 245
229 254
210 254
184 262
170 236
190 235
194 246
195 252
214 253
218 240
220 236
191 263
177 231
196 261
197 236
198 234
199 248
201 233
202 249
203 253
203 256
222 252
223 246
208 256
205 237
207 249
190 259
199 232
211 250
230 255
216 239
215 265
194 241
195 229
214 244
215 254
218 251
219 251
220 235
224 238
209 257
178 230
198 237
199 241
203 242
223 255
208 263
226 250
227 248
230 259
228 263
233 257
205 230
209 227
210 243
194 258
216 246
215 262
195 234
215 247
181 259
219 240
198 228
199 238
202 235
203 235
222 238
208 254
226 245
233 266
187 258
209 228
210 234
216 253
220 249
178 236
231 268
199 231
223 237
208 245
228 248
221 266
210 229
212 257
221 245
219 260
224 260
225 242
220 240
185 261
224 243
206 263
210 263
231 261
208 236
197 262
212 264
174 232
231 258
235 266
208 227
176 257
209 233
183 264
188 264
196 236
230 252
200 231
174 243
197 264
201 256
222 256
226 264
183 257
188 263
195 258
220 266
174 250
175 232
225 260
179 237
182 257
201 265
183 233
222 267
187 234
226 259
213 258
220 257
174 253
175 241
179 242
180 236
184 231
186 256
207 256
183 230
177 265
192 261
191 247
213 267
217 259
175 254
179 260
179 251
180 235
184 238
204 260
207 265
211 257
183 255
187 248
188 234
221 259
192 237
177 258
198 258
191 252
225 267
217 260
232 259
230 267
180 242
181 236
182 234
184 245
185 233
204 259
229 261
211 262
216 262
183 244
187 241
189 237
193 234
212 239
213 231
198 261
202 261
223 263
171 232
191 229
176 253
196 240
200 243
189 260
180 249
181 245
182 237
184 252
185 242
206 231
187 246
188 248
189 230
192 251
212 246
217 229
223 268
172 241
196 235
176 244
177 250
196 255
197 247
200 250
200 238
181 254
185 251
186 235
204 254
206 238
207 228
188 247
189 255
190 247
192 242
193 228
194 234
212 253
213 233
214 233
217 238
218 228
172 232
173 246
191 235
176 235
177 243
196 230
197 240
201 245
221 234
225 247
193 262
214 262
218 262
182 255
185 252
186 242
204 245
206 241
207 237
211 230
175 259
180 257
205 263
189 248
190 254
193 253
194 229
195 241
213 242
217 247
218 239
237 268
234 264
172 231
173 239
232 266
177 244
178 250
196 237
197 249
198 249
199 261
201 254
202 244
222 243
227 259
218 257
182 246
186 253
204 236
205 250
206 248
207 234
209 255
211 239
216 226
180 264
184 256
205 256
189 241
209 264
193 246
194 252
195 246
213 251
214 251
215 235
217 248
218 246
219 236
216 232
173 232
177 237
178 245
198 240
199 258
201 231
202 255
203 266
222 250
208 266
218 264
204 235
205 243
207 243
209 240
200 260
211 244
229 253
216 233
184 263
170 237
190 232
194 247
195 255
214 242
218 241
219 229
220 237
209 258
191 262
177 230
196 262
197 235
198 235
199 251
201 232
202 230
203 252
203 259
222 253
223 241
208 257
230 258
205 236
207 248
190 256
210 249
211 253
194 264
216 240
215 264
195 228
214 245
215 249
218 248
219 250
224 239
178 231
199 240
203 245
223 254
208 248
226 251
227 251
228 256
205 229
210 240
194 259
231 255
216 247
215 257
219 265
195 237
215 246
181 258
219 243
178 239
198 229
199 233
202 232
203 234
222 239
208 255
226 242
233 265
187 261
221 267
210 235
216 254
225 243
220 250
185 259
224 253
199 230
203 227
223 236
208 246
228 249
210 226
212 258
219 263
224 261
220 241
185 260
224 244
206 260
210 260
231 260
232 257
208 237
197 261
209 234
212 265
210 248
174 233
208 228
176 258
214 254
188 265
174 240
225 261
179 231
230 261
201 263
222 257
226 265
234 261
183 256
188 256
192 264
195 261
220 267
174 251
175 235
179 236
180 230
182 262
186 262
201 264
183 232
222 264
187 237
226 256
213 257
195 266
220 258
175 240
179 245
180 237
184 232
186 257
207 259
188 236
221 260
177 264
198 264
192 262
191 246
213 266
225 244
217 258
230 266
175 249
179 263
179 250
180 244
184 239
185 231
204 261
186 264
207 264
211 256
216 256
236 264
183 254
187 251
188 235
192 238
177 257
198 259
171 242
191 255
217 267
180 243
181 235
182 235
184 246
185 232
186 230
229 260
211 265
216 263
183 247
187 240
189 236
192 229
193 233
212 232
213 230
217 227
202 258
223 262
171 235
178 256
176 254
196 241
200 244
238 268
189 259
200 237
180 250
181 244
184 253
185 241
206 228
221 254
188 249
189 229
192 252
212 247
213 239
217 228
172 242
173 252
191 237
176 245
177 249
196 248
197 246
200 251
201 243
181 253
185 250
186 232
204 255
206 239
207 231
175 261
188 240
189 254
190 244
192 243
193 251
194 235
212 254
213 232
214 238
217 237
218 229
172 233
173 245
191 234
176 236
177 242
196 231
197 255
201 244
221 233
193 261
214 263
218 263
182 252
186 243
204 246
206 246
207 236
211 233
175 258
180 258
205 262
189 247
190 255
193 252
195 240
213 241
215 237
217 246
218 236
237 267
173 238
232 267
177 235
178 251
178 260
197 248
198 254
199 260
201 253
202 245
222 240
182 247
186 250
204 237
205 249
206 249
207 245
209 254
200 259
211 238
216 227
180 265
184 257
189 240
190 230
193 245
194 253
195 249
213 250
214 248
215 234
217 255
218 247
219 239
173 231
177 236
178 242
198 241
199 253
201 230
202 252
221 251
222 251
208 267
225 249
218 265
204 228
205 242
207 242
209 247
210 255
211 247
229 252
216 234
184 264
170 234
190 233
194 244
195 254
214 243
215 227
218 254
219 228
220 238
191 257
196 263
197 234
198 232
199 250
201 239
202 231
203 255
203 258
223 240
208 258
227 245
204 227
205 235
207 251
190 257
210 246
211 252
194 265
216 241
215 267
195 231
215 248
218 249
219 253
220 229
196 260
199 243
202 238
203 244
223 249
208 249
226 248
227 250
228 257
233 263
221 256
205 228
190 264
210 241
194 256
231 254
216 248
215 256
219 264
224 264
195 236
215 241
181 257
219 242
220 252
200 261
202 233
203 237
222 236
208 240
226 243
228 264
233 264
187 260
210 232
212 260
216 255
219 257
220 251
185 258
224 254
206 258
210 266
223 239
208 247
228 250
224 252
209 235
210 227
232 263
212 259
219 262
224 262
230 254
220 242
224 245
206 261
199 264
210 261
174 231
231 263
208 238
197 260
200 266
212 266
209 260
174 238
225 262
235 268
208 229
230 260
176 259
234 260
174 241
175 237
179 230
201 262
222 262
226 262
183 259
188 257
192 265
213 263
195 260
220 260
196 259
174 248
175 234
179 239
180 231
182 263
186 263
207 261
183 235
222 265
187 236
226 257
221 261
221 240
192 256
213 256
225 245
220 259
175 243
179 257
179 244
180 238
184 233
209 259
207 258
187 229
188 237
192 232
198 265
192 263
191 241
213 265
217 257
175 248
179 262
179 253
180 245
184 240
185 230
204 262
186 265
225 251
211 259
216 257
236 265
183 249
187 250
209 236
192 239
212 226
177 256
210 242
198 256
178 259
191 254
176 248
217 266
189 265
199 257
180 252
181 234
182 232
184 247
185 239
186 231
229 259
211 264
216 264
183 246
187 243
189 235
192 230
193 232
212 233
213 229
217 226
202 259
223 257
171 234
172 244
191 231
176 255
196 242
200 245
189 258
193 266
214 266
180 251
181 243
184 254
185 240
186 238
206 229
229 268
188 250
190 242
192 253
212 240
213 238
217 235
202 266
172 243
173 251
191 236
176 246
177 248
196 249
197 245
200 252
201 242
221 239
193 259
181 252
182 250
185 249
186 233
204 248
206 236
207 230
211 227
175 260
180 260
188 241
189 253
190 245
192 244
193 250
194 232
212 255
213 247
214 239
217 236
218 226
172 234
173 244
176 237
177 241
197 254
201 251
221 232
193 260
214 260
218 260
182 253
186 240
204 247
205 255
206 247
207 239
200 258
211 232
180 259
205 261
189 246
190 252
193 243
195 243
213 240
214 230
215 236
217 245
218 237
219 233
237 266
227 268
173 237
232 268
177 234
178 248
178 261
197 231
198 255
200 234
201 252
202 242
222 241
230 268
182 244
221 247
186 251
204 238
205 248
206 254
207 244
209 253
211 241
216 228
184 258
190 231
193 244
194 250
195 248
213 249
214 249
215 229
217 254
218 244
219 238
178 243
198 246
199 252
201 229
202 253
203 249
221 250
222 248
225 255
204 229
205 241
207 253
209 246
210 252
211 246
229 251
230 251
216 235
184 265
170 235
190 238
194 245
214 240
215 226
218 255
219 231
220 239
191 256
178 234
197 233
198 233
199 245
201 238
202 228
203 254
203 261
223 243
208 259
226 254
227 244
187 265
205 234
207 250
190 262
210 247
211 255
194 262
216 242
215 266
195 230
215 251
181 263
219 252
220 230
196 239
191 265
199 242
202 239
203 247
222 234
223 248
208 250
226 249
227 253
228 258
233 262
205 227
190 265
210 238
194 257
216 249
215 259
219 267
224 265
195 239
215 240
181 256
219 245
220 253
224 248
200 262
203 236
222 237
208 241
228 252
228 265
227 262
187 263
210 233
232 262
212 261
219 256
224 256
181 265
220 244
185 257
224 255
206 259
200 228
210 267
231 265
203 229
223 238
208 232
228 251
200 265
224 263
220 243
224 246
206 266
209 261
231 262
225 263
208 239
230 263
197 259
212 267
234 263
174 239
175 231
232 258
208 230
176 260
226 268
183 261
196 258
174 246
175 236
179 233
201 261
183 237
222 263
169 232
226 263
221 262
221 241
183 258
188 258
192 266
213 262
195 263
220 261
174 249
175 245
179 238
182 260
186 260
207 260
183 234
187 239
192 257
174 256
175 242
179 256
179 247
180 239
181 231
184 234
204 264
224 242
188 238
209 237
192 233
212 228
178 258
191 240
213 264
217 256
199 262
175 251
179 265
179 252
180 246
184 241
185 229
204 263
207 266
211 258
216 258
236 266
183 248
187 253
188 229
212 227
177 263
198 257
234 266
191 249
176 249
196 244
217 265
189 264
180 253
181 233
182 233
184 248
185 238
206 227
229 258
211 267
216 265
183 241
187 242
188 252
189 234
192 231
193 239
212 234
213 228
202 256
223 256
171 237
172 245
191 230
176 240
196 243
200 246
189 257
193 265
214 267
181 242
184 255
185 247
186 239
206 234
229 267
188 251
190 243
192 254
194 238
212 241
213 237
217 234
223 265
172 236
173 250
191 239
176 247
177 255
196 250
197 244
200 253
201 241
221 238
193 258
214 258
181 251
182 251
185 248
186 246
204 249
206 237
200 257
211 226
180 261
169 231
188 242
189 252
190 250
192 245
193 249
194 233
212 248
213 246
214 236
217 243
218 227
172 235
173 243
176 238
177 240
178 254
197 253
199 265
201 250
221 231
214 261
218 261
182 242
186 241
204 240
205 254
206 244
207 238
209 251
211 235
205 260
189 245
190 253
193 242
195 242
213 255
214 231
215 239
217 244
218 234
219 232
173 236
177 233
178 249
196 232
197 230
198 252
200 235
202 243
222 246
182 245
186 248
204 239
205 247
206 255
207 247
209 252
211 240
216 229
184 259
194 251
195 251
213 248
210 236
215 228
217 253
218 245
178 240
197 239
198 247
199 255
201 228
202 250
203 248
221 249
222 249
223 245
225 254
204 230
205 240
207 252
209 245
210 253
211 249
229 250
216 236
170 232
227 257
190 239
194 242
214 241
215 253
218 252
219 230
220 232
191 259
178 235
197 232
198 238
199 244
201 237
202 229
203 241
203 260
223 242
208 260
226 255
227 247
228 260
187 264
205 233
190 263
210 244
211 254
194 263
216 243
215 261
195 233
234 265
215 250
181 262
219 255
220 231
191 264
196 264
199 237
202 236
203 246
222 235
223 251
208 251
226 246
227 252
228 246
228 259
227 263
233 261
187 257
209 231
210 239
232 261
216 250
215 258
219 266
224 266
195 238
215 243
219 244
220 254
224 249
200 263
203 239
208 242
228 253
228 266
187 262
200 264
212 262
219 259
224 257
181 264
220 245
185 256
224 240
206 256
209 262
231 264
225 256
203 228
208 233
230 262
232 255
234 262
234 268
185 265
224 247
210 259
231 257
235 265
197 258
196 257
174 236
208 231
176 261
201 259
221 263
221 242
183 260
188 260
195 257
174 247
175 239
179 232
235 263
182 258
201 260
183 236
222 260
187 233
226 260
188 259
213 261
195 262
220 262
174 254
175 244
179 241
182 261
186 261
207 263
187 238
209 238
192 258
199 263
174 257
175 253
179 259
179 246
180 232
181 230
184 235
204 265
236 268
187 231
188 239
192 234
212 229
191 243
217 263
175 250
179 264
179 255
180 247
181 239
184 242
204 256
211 261
216 259
236 267
183 251
187 252
188 230
212 236
177 262
198 262
202 262
191 248
176 250
196 245
217 264
200 240
189 263
180 254
181 232
182 238
184 249
185 237
186 229
229 257
211 266
216 266
183 240
187 245
188 253
189 233
192 248
193 238
212 235
213 227
202 257
223 259
171 236
172 246
176 241
196 252
200 247
189 256
193 264
214 264
181 241
185 246
186 236
206 235
200 256
229 266
188 244
190 240
192 255
193 231
194 239
212 242
213 236
214 234
217 233
202 264
223 264
172 237
173 249
191 238
176 232
177 254
225 264
196 251
197 243
200 254
201 240
221 237
193 257
214 259
181 250
182 248
185 255
186 247
204 250
206 242
211 229
175 262
180 262
205 266
188 243
189 251
190 251
192 246
193 248
194 230
212 249
213 245
214 237
217 242
227 265
173 242
176 239
177 247
178 255
178 264
197 252
198 250
200 229
201 249
218 258
182 243
186 254
204 241
205 253
206 245
207 233
209 250
211 234
205 259
170 231
189 244
209 267
193 241
195 245
213 254
214 228
215 238
217 251
218 235
219 235
173 235
176 230
177 232
178 246
196 233
197 229
198 253
200 236
202 240
203 265
222 247
186 249
204 232
205 246
206 252
207 246
209 243
211 243
216 230
184 260
190 229
194 248
195 250
214 255
215 231
217 252
218 242
191 261
178 241
197 238
198 244
199 254
201 235
202 251
203 251
221 248
222 254
223 244
225 253
204 231
205 239
207 255
209 244
210 250
211 248
229 249
216 237
170 233
190 236
194 243
214 246
215 252
218 253
219 249
220 233
191 258
178 232
198 239
199 247
201 236
203 240
203 263
223 253
208 261
226 252
227 246
228 261
227 260
233 259
205 232
190 260
210 245
232 260
194 260
216 244
215 260
232 256
195 232
215 245
181 261
219 254
196 265
198 230
199 236
202 237
203 233
223 250
208 252
226 247
227 255
228 247
228 268
233 260
187 256
225 258
209 230
199 234
216 251
224 267
215 242
219 247
220 255
224 250
209 263
225 257
199 229
203 238
208 243
228 254
228 267
210 231
212 263
219 258
224 258
220 246
185 263
224 241
206 257
210 265
231 267
203 231
208 234
176 264
210 230
185 264
196 256
206 264
210 256
174 234
231 256
235 264
230 253
197 257
221 264
221 243
225 240
174 237
182 264
176 262
197 266
201 258
222 258
226 266
183 263
188 261
195 256
220 264
174 244
175 238
179 235
235 262
182 259
183 239
222 261
187 232
226 261
209 239
221 255
196 238
213 260
195 265
210 264
220 263
200 233
174 255
175 247
179 240
184 229
186 258
207 262
192 259
191 245
175 252
179 258
179 249
180 233
184 236
204 266
183 253
187 230
188 232
192 235
212 230
171 241
191 242
217 262
179 254
180 240
181 238
184 243
185 235
204 257
229 263
211 260
216 260
183 250
187 255
188 231
189 239
212 237
177 261
198 263
202 263
223 261
191 251
176 251
196 246
200 241
189 262
180 255
181 247
182 239
184 250
185 236
229 256
216 267
183 243
187 244
188 254
189 232
221 257
192 249
193 237
212 244
213 226
217 231
223 258
171 239
172 247
176 242
225 265
196 253
200 248
230 265
214 265
181 240
182 230
185 245
186 237
204 252
206 232
229 265
225 268
188 245
190 241
192 240
193 230
194 236
212 243
213 235
214 235
217 232
218 230
225 250
202 265
223 267
172 238
173 248
191 233
176 233
177 253
196 228
197 242
200 255
201 247
221 236
193 256
214 256
181 249
182 249
185 254
186 244
204 251
206 243
207 227
211 228
175 257
180 263
205 265
189 250
190 248
192 247
193 255
194 231
212 250
213 244
214 226
217 241
227 264
173 241
232 264
177 246
178 252
178 265
197 251
198 251
200 230
201 248
202 246
218 259
182 240
186 255
204 242
205 252
206 250
207 232
209 249
211 237
205 258
189 243
209 266
193 240
194 254
195 244
213 253
214 229
215 233
217 250
218 232
219 234
173 234
176 231
177 239
178 247
196 234
197 228
198 242
199 256
202 241
203 264
222 244
208 264
218 266
204 233
205 245
206 253
207 241
209 242
211 242
229 255
216 231
184 261
190 234
194 249
195 253
214 252
215 230
218 243
219 227
191 260
178 238
197 237
198 245
199 249
201 234
202 248
203 250
203 257
222 255
223 247
225 252
227 261
205 238
207 254
190 258
210 251
211 251
194 266
216 238
190 237
194 240
214 247
215 255
218 250
219 248
220 234
178 233
198 236
199 246
202 227
203 243
203 262
223 252
208 262
226 253
227 249
228 262
233 258
205 231
190 261
199 235
194 261
231 253
216 245
215 263
225 248
195 235
221 246
215 244
181 260
219 241
209 256
196 266
198 231
199 239
202 234
203 232
222 233
208 253
226 244
227 254
230 256
233 267
187 259
209 229
210 237
216 252
230 257
224 268
219 246
220 248
224 251
199 228
208 244
228 255
233 268
210 228
212 256
219 261
224 259
220 247
185 262
178 237
206 262
210 262
231 266
203 230
223 235
208 235
176 265
197 263
221 265
221 244
225 241
206 265
210 257
174 235
231 259
235 267
176 256
197 256
183 265
174 242
182 265
227 256
227 266
176 263
197 265
201 257
222 259
226 267
209 232
183 262
188 262
178 263
195 259
220 265
200 232
174 245
175 233
179 234
182 256
201 266
183 238
222 266
187 235
226 258
213 259
195 264
220 256
174 252
175 246
179 243
184 230
186 259
207 257
183 231
198 266
225 259
192 260
191 244
175 255
179 261
179 248
180 234
184 237
183 252
187 249
188 233
192 236
212 231
177 259
171 240
191 253
217 261
180 241
181 237
184 244
185 234
204 258
229 262
211 263
216 261
183 245
187 254
189 238
221 258
193 235
212 238
177 260
198 260
202 260
223 260
171 233
191 250
176 252
225 266
196 247
200 242
189 261
230 264
180 248
181 246
182 236
184 251
185 243
206 230
183 242
187 247
188 255
189 231
192 250
193 236
212 245
217 230
171 238
172 240
176 243
177 251
196 254
200 249
181 255
182 231
185 244
186 234
204 253
206 233
207 229
229 264
921
190 236
194 243
214 246
219 249
170 243
188 246
190 246
192 241
194 237
213 234
208 239
168 241
198 239
199 247
201 236
203 240
172 239
173 247
177 252
197 241
167 248
171 253
191 246
216 248
209 237
210 245
181 248
182 254
185 253
186 245
204 244
206 240
175 249
179 250
180 244
184 239
215 245
174 239
170 250
189 249
190 249
213 243
183 254
168 248
187 251
199 236
192 238
202 237
173 240
177 245
178 253
196 236
197 250
198 248
167 241
202 247
171 242
172 252
210 236
182 241
186 252
204 243
205 251
206 251
207 235
209 248
211 236
180 243
184 246
201 242
203 242
215 242
174 246
219 247
189 242
193 247
214 236
195 247
214 250
165 242
183 247
168 255
169 247
187 240
189 236
203 238
208 243
183 237
177 238
178 244
196 235
198 243
200 238
172 251
176 254
196 241
200 244
216 246
204 234
205 244
207 240
209 241
211 245
180 250
181 244
184 253
185 241
174 249
175 245
179 238
218 249
194 246
195 252
169 248
170 246
188 249
192 252
212 247
213 239
208 234
201 248
178 239
187 239
197 236
199 248
202 249
172 242
173 252
191 237
176 245
177 249
196 248
197 246
166 241
167 253
214 234
205 237
207 249
209 234
210 248
211 250
181 253
216 239
185 250
206 239
175 242
179 247
180 239
194 241
214 244
170 241
188 240
190 244
192 243
193 251
214 238
217 249
168 243
188 238
198 237
199 241
200 251
201 250
173 245
177 242
200 240
167 250
171 255
191 240
201 246
210 243
182 252
216 244
186 243
204 246
206 246
207 236
175 251
211 233
179 252
180 246
184 241
215 247
170 248
189 247
193 252
195 240
213 241
165 247
183 248
168 250
187 253
199 238
215 237
202 235
203 235
217 246
178 251
196 238
197 248
167 243
202 245
171 244
172 254
191 249
176 249
196 244
210 234
182 247
186 250
204 237
205 249
206 249
207 245
211 238
180 253
184 248
185 238
174 244
175 238
220 249
189 240
193 245
195 249
213 250
214 248
165 240
183 241
218 247
169 245
187 242
188 252
217 247
193 239
171 256
212 234
208 245
183 239
178 242
198 241
172 245
176 240
196 243
216 241
200 246
215 239
205 242
207 242
209 247
211 247
181 242
215 238
185 247
186 239
206 234
174 255
175 247
179 240
194 244
214 243
169 254
170 244
188 251
190 243
194 238
212 241
213 237
208 236
199 250
201 239
200 252
173 250
191 239
176 247
177 255
196 250
197 244
166 247
201 241
171 248
191 245
205 235
207 251
210 246
181 251
182 251
185 248
186 246
204 249
206 237
175 252
179 249
201 251
215 248
168 239
170 255
188 242
189 252
190 250
192 245
193 249
212 248
213 246
164 242
183 253
168 245
205 236
199 243
202 238
203 244
173 243
208 249
176 238
177 240
178 254
167 244
171 241
191 242
210 241
182 242
186 241
204 240
206 244
207 238
211 235
179 254
180 240
181 238
184 243
216 240
195 236
215 241
174 243
189 245
190 253
200 250
193 242
195 242
165 245
183 250
168 252
169 242
189 239
203 237
212 237
208 240
214 237
178 249
198 252
200 235
202 243
171 246
172 248
191 251
176 251
196 246
200 241
182 245
186 248
204 239
205 247
207 247
211 240
181 247
182 239
184 250
174 250
194 251
195 251
213 248
183 243
218 245
169 251
187 244
192 249
193 237
212 244
208 247
178 240
197 239
198 247
202 250
203 248
171 239
172 247
173 255
176 242
166 242
205 240
209 245
211 249
181 240
185 245
186 237
174 253
175 241
179 242
190 239
194 242
217 242
214 241
169 252
170 242
188 245
190 241
192 240
194 236
212 243
213 235
164 245
208 238
168 240
198 238
199 244
201 237
203 241
217 240
173 248
177 253
197 242
166 245
167 249
171 250
200 248
191 247
209 238
210 244
181 249
182 249
185 254
186 244
204 251
206 243
175 254
179 251
184 238
215 250
216 243
170 253
189 250
190 248
192 247
212 250
213 244
201 243
217 241
168 247
187 248
199 237
192 237
202 236
203 246
173 241
208 251
177 246
178 252
197 251
198 251
167 246
202 246
171 243
191 252
216 249
210 239
182 240
204 242
206 250
209 249
211 237
180 242
184 245
195 238
215 243
174 241
189 243
193 240
195 244
165 243
183 244
168 254
169 240
187 241
189 237
203 239
212 239
208 242
177 239
178 247
198 242
200 237
202 241
172 250
176 253
196 240
166 249
205 245
207 241
209 242
211 242
180 249
181 245
182 237
184 252
185 242
174 248
170 239
179 239
194 249
218 243
169 249
187 246
188 248
192 251
212 246
178 238
197 237
198 245
199 249
202 248
203 250
172 241
173 253
176 244
177 250
197 247
166 240
216 247
205 238
209 235
181 254
216 238
185 251
206 238
175 243
179 244
180 238
190 237
194 240
214 247
219 248
170 240
188 247
190 247
192 242
213 233
214 233
168 242
201 245
188 237
198 236
199 246
203 243
173 246
177 243
197 240
167 251
171 252
191 241
214 235
209 236
210 242
170 256
216 245
185 252
186 242
204 245
206 241
207 237
175 248
179 253
180 245
184 240
215 244
170 251
189 248
193 253
195 241
213 242
183 249
168 249
187 250
200 243
199 239
192 239
173 239
177 244
178 250
196 237
197 249
198 249
167 240
202 244
171 245
172 253
176 248
210 237
182 246
186 253
204 236
205 250
206 248
207 234
211 239
180 252
184 247
185 239
174 247
175 239
219 246
189 241
193 246
194 252
195 246
165 241
183 246
218 246
169 246
187 243
215 236
212 233
208 244
178 245
201 247
198 240
200 239
172 244
176 255
196 242
200 245
217 245
204 235
205 243
207 243
209 240
211 244
180 251
181 243
184 254
185 240
186 238
174 254
175 244
179 241
194 247
214 242
169 255
170 247
188 250
190 242
192 253
212 240
213 238
208 235
187 238
197 235
198 235
199 251
217 244
201 244
172 243
173 251
191 236
176 246
177 248
196 249
197 245
166 246
167 252
171 249
169 256
207 248
210 249
181 252
182 250
185 249
204 248
206 236
175 253
201 252
179 246
214 245
215 249
218 248
170 254
188 241
189 253
190 245
192 244
193 250
213 247
214 239
168 244
188 239
199 240
203 245
173 244
208 248
177 241
167 245
171 254
191 243
210 240
182 253
186 240
204 247
206 247
207 239
175 250
180 247
181 239
184 242
195 237
215 246
174 242
170 249
189 246
190 252
193 243
195 243
213 240
165 246
183 251
168 251
169 243
187 252
203 234
212 236
178 248
196 239
167 242
202 242
171 247
172 255
191 248
176 250
196 245
166 250
210 235
182 244
186 251
204 238
205 248
207 244
211 241
180 254
182 238
184 249
185 237
174 245
200 242
193 244
194 250
195 248
213 249
214 249
183 240
218 244
169 244
187 245
188 253
192 248
193 238
212 235
208 246
183 238
178 243
198 246
199 252
203 249
172 246
176 241
196 252
200 247
205 241
209 246
211 246
181 241
185 246
206 235
174 252
175 246
179 243
190 238
194 245
214 240
165 248
169 253
170 245
188 244
190 240
194 239
212 242
213 236
164 244
208 237
216 242
199 245
201 238
173 249
191 238
177 254
196 251
197 243
166 244
201 240
171 251
191 244
205 234
207 250
209 239
210 247
181 250
182 248
186 247
204 250
206 242
175 255
179 248
184 237
170 252
188 243
189 251
190 251
192 246
193 248
212 249
213 245
164 243
183 252
168 246
187 249
199 242
192 236
202 239
203 247
173 242
208 250
176 239
177 247
178 255
197 252
198 250
167 247
171 240
200 249
191 253
210 238
182 243
186 254
204 241
206 245
209 250
211 234
180 241
184 244
195 239
215 240
174 240
169 239
189 244
193 241
195 245
165 244
183 245
168 253
169 241
189 238
199 235
203 236
212 238
208 241
178 246
200 236
202 240
172 249
191 250
176 252
196 247
166 248
186 249
205 246
207 246
209 243
211 243
180 248
181 246
184 251
185 243
174 251
215 235
194 248
195 250
217 248
183 242
169 250
187 247
192 250
193 236
212 245
178 241
187 237
197 238
198 244
201 235
202 251
203 251
172 240
173 254
176 243
177 251
166 243
217 243
201 249
205 239
209 244
210 250
211 248
216 237
185 244
175 240
179 245
996
190 236
194 243
186 257
214 246
170 243
188 246
190 246
192 241
194 237
213 234
214 232
208 239
217 239
168 241
188 236
198 239
199 247
173 256
203 240
173 247
177 252
197 241
217 244
201 246
171 253
191 246
216 248
205 232
209 237
210 245
181 248
182 254
185 253
186 245
204 244
206 240
175 249
211 231
179 250
180 244
175 256
184 239
180 256
215 245
170 250
189 249
190 249
193 254
213 243
183 254
187 251
176 260
199 236
192 238
202 237
203 233
177 257
173 240
177 245
178 253
196 236
197 250
198 248
167 241
202 247
171 242
172 252
191 255
187 256
210 236
182 241
186 252
204 243
205 251
206 251
207 235
209 248
211 236
180 243
184 246
201 252
215 242
174 246
219 247
189 242
193 247
195 247
183 247
169 247
187 240
189 236
201 236
203 238
212 232
208 243
178 244
178 257
198 243
200 238
172 251
176 254
196 241
183 258
200 244
210 231
216 246
204 234
205 244
207 240
209 241
211 245
180 250
181 244
184 253
185 241
174 249
175 245
220 246
194 246
195 252
218 240
169 248
170 246
188 249
192 252
212 247
213 239
208 234
172 256
178 239
187 239
197 236
198 234
199 248
201 233
202 249
221 246
172 242
173 252
191 237
176 245
177 249
196 248
197 246
200 251
201 243
205 237
207 249
209 234
210 248
211 250
181 253
216 239
185 250
206 239
174 256
175 242
179 256
179 247
180 239
194 241
214 244
170 241
188 240
189 254
190 244
192 243
193 251
194 235
213 232
196 235
217 237
168 243
188 238
198 237
199 241
201 238
203 242
173 245
177 242
201 244
171 255
191 240
210 243
182 252
216 244
186 243
204 246
206 246
207 236
175 251
211 233
179 252
180 246
175 258
184 241
180 258
215 247
170 248
189 247
190 255
193 252
195 240
213 241
215 237
183 248
187 253
199 238
202 235
203 235
217 246
178 251
196 238
197 248
201 253
202 245
171 244
172 254
191 249
176 249
196 244
214 238
210 234
182 247
186 250
204 237
205 249
206 249
207 245
211 238
180 253
184 248
185 238
184 257
174 244
189 240
193 245
194 253
195 249
214 248
215 234
183 241
218 247
169 245
187 242
188 252
193 239
171 256
212 234
208 245
183 239
178 242
198 241
199 253
202 252
172 245
176 240
196 243
216 241
200 246
217 247
205 242
207 242
209 247
211 247
181 242
184 255
185 247
186 239
206 234
174 255
175 247
179 240
194 244
195 254
214 243
170 244
188 251
190 243
192 254
194 238
212 241
213 237
208 236
172 258
197 234
199 250
173 259
173 250
191 239
176 247
177 255
196 250
197 244
200 253
201 241
171 248
191 245
205 235
207 251
209 232
210 246
181 251
182 251
185 248
186 246
204 249
206 237
175 252
179 258
179 249
215 248
188 242
189 252
190 250
192 245
193 249
212 248
213 246
214 236
183 253
168 245
176 257
199 243
202 238
203 244
173 243
208 249
177 240
178 254
197 253
209 233
201 250
171 241
191 242
210 241
182 242
186 241
204 240
206 244
207 238
211 235
179 254
180 240
181 238
184 243
216 240
195 236
215 241
174 243
181 257
219 242
189 245
190 253
193 242
195 242
214 231
215 239
183 250
169 242
187 255
189 239
202 233
203 237
212 237
208 240
178 249
178 258
198 252
200 235
202 243
171 246
172 248
191 251
176 251
196 246
183 257
200 241
210 232
182 245
186 248
204 239
205 247
207 247
211 240
180 255
181 247
182 239
184 250
174 250
182 257
194 251
195 251
213 248
183 243
218 245
187 244
188 254
192 249
193 237
212 244
208 247
178 240
197 239
198 247
202 250
203 248
172 247
173 255
176 242
196 253
200 248
205 240
209 245
211 249
181 240
216 236
185 245
186 237
204 252
206 232
174 253
175 241
179 242
190 239
194 242
186 256
214 241
170 242
188 245
190 241
192 240
194 236
212 243
213 235
214 235
208 238
198 238
199 244
173 257
203 241
217 240
173 248
177 253
197 242
201 247
171 250
191 247
205 233
209 238
210 244
181 249
182 249
185 254
186 244
204 251
217 242
206 243
174 260
175 254
179 251
175 257
184 238
216 243
170 253
189 250
190 248
192 247
193 255
213 244
183 255
187 248
176 259
199 237
192 237
202 236
203 246
177 258
173 241
208 251
177 246
178 252
197 251
198 251
201 248
202 246
171 243
191 252
210 239
182 240
186 255
204 242
206 250
207 232
209 249
211 237
180 242
184 245
195 238
215 243
174 241
219 244
189 243
193 240
194 254
195 244
215 233
183 244
187 241
189 237
199 234
203 239
212 239
213 231
208 242
177 239
178 247
178 256
198 242
200 237
202 241
172 250
176 253
196 240
200 243
204 233
205 245
207 241
209 242
211 242
180 249
181 245
184 252
185 242
174 248
220 245
179 239
185 256
194 249
195 253
218 243
169 249
187 246
188 248
192 251
212 246
208 233
197 237
198 245
199 249
201 234
202 248
203 250
221 247
172 241
173 253
176 244
177 250
197 247
200 250
216 247
205 238
209 235
181 254
216 238
185 251
206 238
174 259
175 243
179 257
179 244
180 238
190 237
194 240
214 247
188 247
189 255
190 247
192 242
213 233
214 233
217 238
168 242
188 237
198 236
199 246
203 243
173 246
177 243
197 240
201 245
171 252
191 241
209 236
210 242
182 255
185 252
186 242
204 245
206 241
207 237
175 248
179 253
180 245
175 259
184 240
180 257
195 235
215 244
219 241
170 251
189 248
190 254
193 253
195 241
213 242
183 249
218 239
187 250
199 239
192 239
201 237
177 256
177 244
178 250
196 237
197 249
198 249
202 244
171 245
172 253
191 254
176 248
210 237
182 246
216 245
186 253
204 236
205 250
206 248
207 234
211 239
180 252
184 247
185 239
184 256
174 247
219 246
189 241
182 258
193 246
194 252
195 246
215 235
183 246
218 246
169 246
187 243
217 245
171 257
212 233
208 244
178 245
198 240
200 239
202 234
172 244
176 255
196 242
200 245
204 235
205 243
207 243
209 240
211 244
180 251
181 243
184 254
185 240
186 238
174 254
175 244
220 247
179 241
194 247
214 242
218 241
170 247
188 250
190 242
192 253
212 240
213 238
208 235
172 257
187 238
197 235
198 235
199 251
173 260
201 239
203 252
221 245
172 243
173 251
191 236
176 246
177 248
196 249
197 245
200 252
201 242
171 249
205 236
207 248
190 256
210 249
181 252
182 250
185 249
204 248
206 236
174 257
175 253
179 259
179 246
175 260
214 245
215 249
218 248
170 254
188 241
189 253
190 245
192 244
193 250
213 247
214 239
168 244
188 239
176 256
199 240
203 245
173 244
208 248
177 241
197 254
201 251
171 254
191 243
210 240
182 253
186 240
204 247
206 247
207 239
175 250
211 232
179 255
180 247
181 239
184 242
195 237
215 246
174 242
181 258
219 243
170 249
189 246
190 252
193 243
195 243
213 240
215 236
183 251
169 243
187 252
203 234
212 236
178 248
196 239
200 234
167 242
202 242
171 247
172 255
191 248
176 250
196 245
200 240
210 235
182 244
186 251
204 238
205 248
207 244
211 241
180 254
182 238
184 249
185 237
174 245
182 256
193 244
194 250
195 248
213 249
214 249
183 240
218 244
169 244
187 245
188 253
192 248
193 238
212 235
208 246
183 238
178 243
198 246
199 252
203 249
172 246
217 241
176 241
196 252
200 247
189 256
205 241
209 246
211 246
181 241
216 235
185 246
206 235
174 252
175 246
179 243
190 238
194 245
214 240
170 245
188 244
190 240
192 255
194 239
212 242
213 236
214 234
208 237
172 259
216 242
199 245
173 258
173 249
191 238
177 254
196 251
197 243
201 240
171 251
191 244
205 234
207 250
209 239
210 247
181 250
182 248
185 255
186 247
204 250
206 242
175 255
179 248
184 237
170 252
188 243
189 251
190 251
192 246
193 248
212 249
213 245
214 237
183 252
168 246
222 247
187 249
176 258
199 242
192 236
202 239
203 247
212 231
177 259
173 242
208 250
176 239
177 247
178 255
197 252
198 250
201 249
171 240
191 253
210 238
182 243
186 254
204 241
206 245
207 233
209 250
211 234
180 241
184 244
195 239
215 240
174 240
181 256
219 245
189 244
193 241
195 245
215 238
183 245
169 241
187 254
189 238
199 235
193 235
203 236
212 238
208 241
178 246
178 259
198 253
200 236
202 240
172 249
191 250
176 252
196 247
183 256
200 242
210 233
188 256
186 249
205 246
207 246
209 243
211 243
180 248
181 246
184 251
185 243
174 251
220 244
185 257
194 248
195 250
217 248
183 242
218 242
169 250
187 247
188 255
192 250
193 236
212 245
208 232
178 241
187 237
197 238
198 244
201 235
202 251
203 251
172 240
173 254
176 243
177 251
196 254
200 249
217 243
205 239
209 244
210 250
211 248
181 255
216 237
185 244
206 233
174 258
175 240
220 243
179 245
1003
194 243
214 246
219 249
170 243
188 246
190 246
192 241
194 237
213 234
208 239
217 239
168 241
198 239
199 247
173 256
203 240
173 247
177 252
197 241
201 246
171 253
191 246
216 248
209 237
210 245
170 259
181 248
182 254
185 253
186 245
204 244
206 240
175 249
179 250
180 244
175 256
184 239
180 256
215 245
174 239
170 250
189 249
190 249
193 254
212 251
213 243
217 250
183 254
168 248
187 251
199 236
192 238
202 237
177 257
173 240
208 252
177 245
178 253
196 236
197 250
198 248
167 241
202 247
171 242
172 252
191 255
187 256
210 236
182 241
186 252
204 243
205 251
206 251
207 235
209 248
211 236
180 243
223 248
184 246
203 242
215 242
174 246
219 247
189 242
193 247
194 255
195 247
214 250
183 247
169 247
187 240
201 236
203 238
208 243
178 244
178 257
198 243
200 238
172 251
176 254
196 241
200 244
216 246
223 247
205 244
207 240
209 241
211 245
180 250
181 244
184 253
185 241
174 249
175 245
220 246
194 246
195 252
218 240
169 248
170 246
188 249
192 252
212 247
213 239
208 234
172 256
178 239
187 239
197 236
199 248
202 249
203 253
221 246
172 242
173 252
191 237
176 245
177 249
196 248
197 246
166 241
201 243
205 237
207 249
209 234
210 248
211 250
181 253
216 239
185 250
206 239
174 256
175 242
179 256
179 247
180 239
194 241
214 244
170 241
188 240
189 254
190 244
192 243
193 251
214 238
217 237
168 243
188 238
198 237
199 241
201 238
200 251
201 250
173 245
177 242
201 244
171 255
191 240
210 243
170 257
182 252
216 244
186 243
204 246
206 246
207 236
175 251
179 252
180 246
175 258
184 241
180 258
215 247
170 248
189 247
190 255
193 252
195 240
213 241
215 237
183 248
168 250
187 253
199 238
202 235
203 235
217 246
178 251
196 238
197 248
198 254
167 243
202 245
171 244
172 254
191 249
176 249
196 244
210 234
182 247
186 250
204 237
205 249
206 249
207 245
211 238
180 253
184 248
185 238
184 257
174 244
220 249
189 240
193 245
194 253
195 249
213 250
214 248
215 234
183 241
218 247
169 245
187 242
188 252
193 239
171 256
212 234
208 245
183 239
178 242
198 241
199 253
202 252
172 245
176 240
196 243
200 246
214 241
217 247
205 242
207 242
209 247
211 247
181 242
184 255
185 247
186 239
174 255
175 247
201 253
179 240
194 244
195 254
214 243
169 254
170 244
188 251
190 243
192 254
194 238
212 241
213 237
208 236
172 258
199 250
173 259
221 244
173 250
191 239
176 247
177 255
196 250
197 244
200 253
201 241
171 248
191 245
205 235
207 251
210 246
181 251
182 251
185 248
186 246
204 249
206 237
175 252
179 258
179 249
201 251
215 248
218 249
170 255
188 242
189 252
190 250
192 245
193 249
212 248
213 246
214 236
183 253
168 245
205 236
176 257
199 243
202 238
203 244
173 243
208 249
177 240
178 254
197 253
167 244
171 241
191 242
210 241
182 242
186 241
204 240
206 244
207 238
209 251
211 235
179 254
180 240
181 238
184 243
216 240
195 236
215 241
174 243
181 257
219 242
189 245
190 253
200 250
193 242
195 242
215 239
183 250
169 242
187 255
189 239
203 237
212 237
208 240
178 249
178 258
198 252
202 243
171 246
172 248
191 251
176 251
196 246
183 257
200 241
182 245
186 248
204 239
205 247
207 247
209 252
211 240
180 255
181 247
182 239
184 250
174 250
182 257
194 251
195 251
213 248
183 243
218 245
169 251
187 244
188 254
192 249
193 237
171 258
212 244
208 247
178 240
197 239
198 247
202 250
203 248
221 249
172 247
173 255
176 242
196 253
166 242
205 240
207 252
209 245
211 249
181 240
216 236
185 245
204 252
222 249
174 253
175 241
220 242
179 242
190 239
194 242
186 256
201 248
169 252
170 242
188 245
190 241
192 240
194 236
212 243
213 235
214 235
208 238
168 240
198 238
199 244
173 257
203 241
217 240
173 248
177 253
197 242
201 247
171 250
200 248
191 247
209 238
210 244
170 258
181 249
182 249
185 254
186 244
204 251
217 242
206 243
175 254
179 251
175 257
184 238
215 250
216 243
170 253
189 250
190 248
192 247
193 255
212 250
213 244
183 255
168 247
187 248
199 237
192 237
202 236
203 246
177 258
173 241
208 251
177 246
178 252
197 251
198 251
167 246
202 246
171 243
191 252
216 249
210 239
182 240
186 255
204 242
205 252
206 250
209 249
211 237
180 242
184 245
195 238
215 243
174 241
219 244
189 243
224 249
193 240
194 254
195 244
217 249
183 244
169 240
187 241
189 237
203 239
212 239
208 242
177 239
178 247
178 256
198 242
200 237
202 241
172 250
176 253
196 240
200 243
205 245
207 241
209 242
211 242
180 249
181 245
184 252
185 242
174 248
220 245
179 239
185 256
194 249
195 253
218 243
169 249
187 246
188 248
192 251
212 246
197 237
198 245
199 249
202 248
203 250
221 247
172 241
173 253
176 244
177 250
197 247
166 240
216 247
205 238
209 235
210 251
211 251
181 254
216 238
185 251
206 238
174 259
175 243
179 257
179 244
180 238
190 237
194 240
214 247
222 245
218 250
219 248
170 240
188 247
189 255
190 247
192 242
217 238
168 242
188 237
198 236
199 246
203 243
173 246
177 243
197 240
201 245
171 252
191 241
209 236
210 242
170 256
182 255
185 252
186 242
204 245
206 241
207 237
175 248
179 253
180 245
175 259
184 240
180 257
215 244
219 241
170 251
189 248
190 254
193 253
195 241
213 242
183 249
168 249
187 250
199 239
192 239
201 237
177 256
173 239
177 244
178 250
196 237
197 249
198 249
167 240
202 244
171 245
172 253
191 254
176 248
210 237
182 246
216 245
186 253
204 236
205 250
206 248
211 239
180 252
184 247
185 239
184 256
174 247
175 239
219 246
220 248
189 241
193 246
194 252
195 246
213 251
214 251
215 235
183 246
218 246
169 246
187 243
217 245
171 257
208 244
178 245
198 240
200 239
172 244
176 255
196 242
200 245
204 235
205 243
207 243
209 240
211 244
180 251
181 243
184 254
185 240
186 238
174 254
175 244
220 247
179 241
194 247
195 255
214 242
218 241
169 255
170 247
188 250
190 242
192 253
212 240
213 238
208 235
172 257
187 238
199 251
201 239
203 252
221 245
172 243
173 251
217 244
176 246
177 248
196 249
197 245
200 252
201 242
171 249
169 256
207 248
190 256
210 249
181 252
182 250
185 249
204 248
206 236
174 257
175 253
201 252
179 246
214 245
215 249
222 246
218 248
219 250
170 254
188 241
189 253
190 245
192 244
193 250
213 247
214 239
168 244
188 239
176 256
199 240
203 245
173 244
208 248
177 241
197 254
218 239
167 245
171 254
191 243
210 240
182 253
186 240
204 247
206 247
207 239
175 250
179 255
180 247
181 239
184 242
195 237
215 246
174 242
219 243
170 249
189 246
190 252
193 243
195 243
213 240
215 236
183 251
168 251
169 243
187 252
212 236
178 248
196 239
167 242
202 242
171 247
172 255
191 248
176 250
196 245
200 240
210 235
182 244
186 251
204 238
205 248
207 244
211 241
180 254
182 238
184 249
216 241
174 245
182 256
193 244
194 250
195 248
213 249
214 249
183 240
218 244
169 244
187 245
188 253
192 248
193 238
171 259
212 235
208 246
183 238
178 243
198 246
199 252
202 253
203 249
172 246
217 241
176 241
196 252
200 247
189 256
205 241
209 246
211 246
181 241
185 246
206 235
174 252
175 246
179 243
190 238
194 245
214 240
169 253
170 245
188 244
190 240
192 255
194 239
212 242
213 236
214 234
208 237
172 259
216 242
199 245
173 258
173 249
191 238
177 254
196 251
197 243
201 240
171 251
191 244
207 250
209 239
210 247
181 250
182 248
185 255
186 247
204 250
206 242
175 255
179 248
170 252
188 243
189 251
190 251
192 246
193 248
212 249
213 245
214 237
183 252
168 246
222 247
187 249
176 258
199 242
202 239
203 247
173 242
208 250
176 239
177 247
178 255
216 250
197 252
198 250
167 247
171 240
191 253
210 238
182 243
186 254
204 241
206 245
209 250
211 234
180 241
184 244
195 239
215 240
174 240
181 256
219 245
189 244
193 241
195 245
215 238
183 245
169 241
187 254
189 238
203 236
212 238
208 241
178 246
198 253
200 236
202 240
223 249
172 249
191 250
176 252
196 247
183 256
200 242
188 256
186 249
205 246
206 252
207 246
209 243
211 243
180 248
181 246
184 251
185 243
222 248
174 251
220 244
185 257
194 248
195 250
217 248
183 242
218 242
169 250
187 247
188 255
192 250
212 245
178 241
187 237
197 238
198 244
199 254
201 235
202 251
203 251
221 248
172 240
173 254
176 243
177 251
196 254
200 249
217 243
201 249
205 239
209 244
210 250
211 248
181 255
216 237
185 244
204 253
174 258
175 240
220 243
179 245
724
194 243
214 246
219 249
188 246
190 246
192 241
208 239
198 239
199 247
173 256
203 240
173 247
177 252
197 241
201 246
191 246
216 248
209 237
210 245
181 248
182 254
185 253
186 245
204 244
206 240
175 249
179 250
180 244
175 256
180 256
215 245
189 249
190 249
193 254
213 243
183 254
187 251
177 257
177 245
178 253
197 250
198 248
202 247
172 252
210 236
182 241
186 252
204 243
205 251
206 251
209 248
211 236
180 243
184 246
215 242
174 246
219 247
189 242
193 247
195 247
214 250
183 247
203 238
208 243
178 244
178 257
198 243
200 238
172 251
176 254
196 241
200 244
216 246
205 244
207 240
209 241
211 245
180 250
181 244
184 253
185 241
174 249
175 245
194 246
195 252
170 246
188 249
192 252
212 247
213 239
217 244
199 248
202 249
173 252
176 245
177 249
196 248
197 246
200 251
201 243
205 237
207 249
210 248
211 250
181 253
216 239
185 250
206 239
174 256
179 256
179 247
194 241
214 244
188 240
189 254
190 244
192 243
193 251
214 238
199 241
203 242
173 245
177 242
201 244
191 240
210 243
182 252
216 244
186 243
204 246
206 246
175 251
179 252
180 246
184 241
215 247
170 248
189 247
193 252
195 240
213 241
215 237
183 248
187 253
199 238
217 246
178 251
197 248
202 245
171 244
172 254
191 249
176 249
196 244
182 247
186 250
205 249
206 249
207 245
211 238
180 253
184 248
174 244
220 249
189 240
193 245
194 253
195 249
213 250
214 248
183 241
218 247
169 245
187 242
188 252
193 239
208 245
178 242
198 241
199 253
202 252
172 245
196 243
200 246
217 247
205 242
207 242
209 247
211 247
181 242
184 255
185 247
174 255
175 247
194 244
214 243
170 244
188 251
190 243
192 254
212 241
213 237
199 250
201 239
173 250
217 240
176 247
177 255
196 250
197 244
201 241
171 248
191 245
207 251
210 246
181 251
182 251
185 248
186 246
204 249
206 237
175 252
179 249
215 248
218 249
188 242
189 252
190 250
192 245
193 249
212 248
213 246
214 236
183 253
176 257
199 243
202 238
203 244
173 243
208 249
178 254
197 253
201 250
191 242
210 241
182 242
186 241
204 240
206 244
207 238
209 251
179 254
184 243
216 240
215 241
174 243
189 245
190 253
193 242
195 242
215 239
183 250
187 255
212 237
208 240
178 249
198 252
202 243
171 246
172 248
191 251
176 251
196 246
200 241
182 245
186 248
204 239
205 247
207 247
211 240
180 255
181 247
184 250
174 250
194 251
195 251
213 248
183 243
218 245
187 244
188 254
192 249
212 244
208 247
197 239
198 247
202 250
203 248
172 247
173 255
176 242
196 253
200 248
205 240
209 245
211 249
185 245
204 252
174 253
179 242
194 242
214 241
188 245
190 241
192 240
212 243
208 238
199 244
203 241
173 248
177 253
197 242
201 247
171 250
191 247
209 238
210 244
181 249
182 249
185 254
186 244
204 251
206 243
175 254
179 251
175 257
215 250
216 243
189 250
190 248
192 247
212 250
213 244
183 255
187 248
203 246
208 251
177 246
178 252
197 251
198 251
201 248
202 246
171 243
191 252
216 249
210 239
186 255
204 242
206 250
209 249
211 237
180 242
184 245
215 243
189 243
193 240
194 254
195 244
217 249
183 244
187 241
203 239
212 239
208 242
178 247
178 256
198 242
202 241
172 250
176 253
196 240
200 243
205 245
207 241
209 242
211 242
180 249
181 245
184 252
185 242
174 248
194 249
195 253
218 243
187 246
188 248
192 251
212 246
198 245
199 249
202 248
203 250
173 253
176 244
177 250
197 247
200 250
216 247
205 238
210 251
181 254
216 238
185 251
206 238
175 243
179 244
194 240
214 247
219 248
188 247
189 255
190 247
192 242
199 246
203 243
173 246
177 243
197 240
201 245
191 241
210 242
182 255
185 252
186 242
204 245
206 241
207 237
175 248
179 253
180 245
215 244
189 248
190 254
193 253
195 241
213 242
183 249
187 250
199 239
177 256
177 244
178 250
197 249
198 249
202 244
171 245
172 253
191 254
176 248
210 237
182 246
216 245
186 253
205 250
206 248
211 239
180 252
184 247
174 247
219 246
220 248
189 241
193 246
194 252
195 246
183 246
218 246
169 246
187 243
217 245
208 244
178 245
198 240
200 239
172 244
176 255
196 242
200 245
205 243
207 243
209 240
211 244
180 251
181 243
184 254
174 254
175 244
194 247
214 242
170 247
188 250
190 242
192 253
212 240
213 238
199 251
203 252
172 243
173 251
176 246
177 248
196 249
197 245
200 252
201 242
171 249
207 248
210 249
181 252
182 250
185 249
204 248
174 257
175 253
179 246
214 245
215 249
218 248
188 241
189 253
190 245
192 244
193 250
213 247
214 239
168 244
176 256
199 240
203 245
173 244
208 248
201 251
191 243
210 240
182 253
204 247
206 247
207 239
175 250
179 255
180 247
184 242
215 246
170 249
189 246
190 252
193 243
195 243
213 240
215 236
183 251
187 252
212 236
178 248
196 239
201 252
202 242
171 247
191 248
176 250
196 245
200 240
182 244
186 251
204 238
205 248
207 244
211 241
180 254
217 242
184 249
216 241
174 245
182 256
193 244
194 250
195 248
213 249
214 249
218 244
169 244
187 245
188 253
192 248
208 246
178 243
198 246
199 252
203 249
172 246
217 241
196 252
200 247
205 241
209 246
211 246
185 246
174 252
175 246
179 243
194 245
214 240
170 245
188 244
190 240
194 239
212 242
213 236
208 237
216 242
199 245
201 238
173 249
177 254
196 251
197 243
201 240
171 251
191 244
207 250
209 239
210 247
181 250
182 248
185 255
186 247
204 250
206 242
175 255
179 248
188 243
189 251
190 251
192 246
193 248
212 249
213 245
214 237
183 252
187 249
199 242
202 239
203 247
208 250
177 247
178 255
197 252
198 250
201 249
191 253
210 238
182 243
186 254
204 241
206 245
209 250
184 244
195 239
215 240
181 256
219 245
189 244
193 241
195 245
215 238
183 245
187 254
212 238
208 241
178 246
198 253
202 240
172 249
191 250
176 252
196 247
183 256
200 242
186 249
205 246
207 246
209 243
211 243
180 248
181 246
184 251
185 243
174 251
194 248
195 250
217 248
183 242
218 242
187 247
188 255
192 250
212 245
198 244
202 251
203 251
173 254
176 243
177 251
200 249
217 243
205 239
209 244
210 250
211 248
181 255
216 237
185 244
179 245
813
203 252
194 243
214 246
219 249
170 243
188 246
190 246
192 241
208 239
198 239
199 247
173 256
203 240
173 247
177 252
197 241
167 248
171 253
191 246
216 248
209 237
210 245
181 248
182 254
185 253
186 245
204 244
206 240
175 249
179 250
180 244
175 256
180 256
215 245
170 250
189 249
190 249
193 254
212 251
213 243
217 250
183 254
168 248
187 251
177 257
208 252
177 245
178 253
197 250
198 248
202 247
172 252
191 255
187 256
182 241
186 252
204 243
205 251
206 251
209 248
180 243
184 246
215 242
174 246
219 247
189 242
193 247
194 255
195 247
214 250
183 247
169 247
203 238
208 243
178 244
178 257
198 243
172 251
176 254
196 241
200 244
216 246
205 244
207 240
209 241
211 245
180 250
181 244
184 253
185 241
174 249
175 245
194 246
195 252
169 248
170 246
188 249
192 252
212 247
213 239
217 244
172 256
201 246
199 248
202 249
203 253
173 252
176 245
177 249
196 248
197 246
200 251
201 243
207 249
210 248
211 250
181 253
185 250
206 239
174 256
179 256
179 247
194 241
214 244
189 254
190 244
192 243
193 251
199 241
201 238
203 242
201 250
173 245
177 242
167 250
171 255
191 240
210 243
170 257
182 252
216 244
186 243
204 246
206 246
175 251
179 252
180 246
175 258
184 241
180 258
215 247
170 248
189 247
190 255
193 252
195 240
213 241
183 248
168 250
187 253
200 254
217 246
178 251
197 248
198 254
201 253
202 245
171 244
172 254
191 249
176 249
196 244
182 247
186 250
205 249
206 249
207 245
211 238
180 253
184 248
184 257
174 244
220 249
189 240
193 245
194 253
195 249
213 250
214 248
183 241
218 247
169 245
187 242
188 252
171 256
208 245
178 242
198 241
199 253
202 252
172 245
196 243
200 246
214 241
217 247
205 242
207 242
209 247
211 247
181 242
184 255
185 247
174 255
175 247
194 244
195 254
214 243
169 254
170 244
188 251
190 243
192 254
212 241
213 237
172 258
199 250
173 259
200 252
173 250
176 247
177 255
196 250
197 244
166 247
201 241
171 248
191 245
207 251
210 246
211 252
181 251
182 251
185 248
186 246
204 249
175 252
179 258
179 249
216 251
201 251
215 248
218 249
170 255
188 242
189 252
190 250
192 245
193 249
212 248
213 246
183 253
168 245
176 257
199 243
202 238
203 244
173 243
208 249
178 254
197 253
167 244
191 242
210 241
182 242
186 241
204 240
206 244
207 238
209 251
179 254
184 243
215 241
174 243
181 257
189 245
190 253
193 242
195 242
165 245
183 250
168 252
187 255
212 237
208 240
178 249
178 258
198 252
202 243
171 246
172 248
191 251
176 251
196 246
183 257
200 241
182 245
186 248
204 239
205 247
207 247
209 252
211 240
180 255
181 247
184 250
174 250
182 257
194 251
195 251
213 248
183 243
218 245
169 251
187 244
188 254
192 249
171 258
212 244
208 247
197 239
198 247
202 250
203 248
172 247
173 255
176 242
196 253
200 248
205 240
207 252
209 245
211 249
185 245
204 252
174 253
179 242
194 242
186 256
201 248
169 252
201 249
188 245
190 241
192 240
212 243
208 238
199 244
173 257
203 241
173 248
177 253
197 242
166 245
167 249
171 250
191 247
209 238
210 244
170 258
181 249
182 249
185 254
186 244
204 251
206 243
175 254
179 251
175 257
215 250
216 243
170 253
189 250
190 248
192 247
193 255
212 250
213 244
183 255
168 247
187 248
203 246
177 258
208 251
177 246
178 252
197 251
198 251
167 246
202 246
171 243
191 252
216 249
210 239
216 250
186 255
204 242
205 252
206 250
209 249
211 237
180 242
184 245
215 243
189 243
193 240
194 254
195 244
217 249
183 244
187 241
203 239
212 239
208 242
178 247
178 256
198 242
202 241
172 250
176 253
196 240
200 243
205 245
206 253
207 241
209 242
211 242
180 249
181 245
184 252
185 242
174 248
185 256
194 249
195 253
169 249
187 246
188 248
192 251
212 246
198 245
199 249
202 248
203 250
173 253
176 244
177 250
196 255
197 247
200 250
216 247
205 238
210 251
211 251
181 254
185 251
206 238
174 259
175 243
179 257
179 244
194 240
214 247
218 250
219 248
188 247
189 255
190 247
192 242
199 246
203 243
173 246
177 243
197 240
201 245
171 252
191 241
210 242
170 256
182 255
185 252
186 242
204 245
206 241
207 237
175 248
179 253
180 245
175 259
180 257
215 244
170 251
189 248
190 254
193 253
195 241
213 242
183 249
168 249
187 250
199 239
177 256
177 244
178 250
197 249
198 249
201 254
202 244
171 245
172 253
191 254
176 248
210 237
182 246
216 245
186 253
205 250
206 248
211 239
180 252
184 247
184 256
174 247
220 248
189 241
193 246
194 252
195 246
213 251
214 251
183 246
218 246
169 246
187 243
217 245
171 257
208 244
178 245
201 247
198 240
200 239
172 244
176 255
196 242
200 245
205 243
207 243
209 240
211 244
180 251
181 243
184 254
174 254
175 244
194 247
195 255
214 242
169 255
170 247
188 250
190 242
192 253
212 240
213 238
172 257
199 251
201 239
201 244
172 243
173 251
176 246
177 248
196 249
197 245
166 246
201 242
171 249
207 248
190 256
210 249
181 252
182 250
185 249
204 248
174 257
175 253
179 246
214 245
215 249
218 248
219 250
170 254
188 241
189 253
190 245
192 244
193 250
213 247
214 239
168 244
176 256
199 240
203 245
200 253
173 244
208 248
197 254
167 245
171 254
191 243
210 240
182 253
204 247
206 247
207 239
175 250
179 255
180 247
184 242
215 246
170 249
189 246
190 252
193 243
195 243
213 240
183 251
168 251
187 252
178 248
196 239
201 252
202 242
171 247
172 255
191 248
176 250
196 245
200 240
182 244
186 251
204 238
205 248
207 244
211 241
180 254
184 249
174 245
220 250
182 256
193 244
194 250
195 248
213 249
214 249
169 244
187 245
188 253
192 248
171 259
208 246
178 243
198 246
199 252
202 253
203 249
221 250
172 246
196 252
200 247
189 256
205 241
209 246
210 252
211 246
185 246
174 252
175 246
179 243
194 245
214 240
169 253
170 245
188 244
190 240
192 255
212 242
164 244
208 237
172 259
216 242
199 245
173 258
173 249
177 254
196 251
197 243
166 244
201 240
171 251
191 244
207 250
209 239
210 247
181 250
182 248
185 255
186 247
204 250
206 242
175 255
179 248
215 251
170 252
188 243
189 251
190 251
192 246
193 248
212 249
213 245
183 252
168 246
187 249
176 258
199 242
202 239
203 247
208 250
177 247
178 255
197 252
198 250
167 247
191 253
210 238
182 243
186 254
204 241
205 253
206 245
209 250
184 244
195 239
215 240
181 256
189 244
193 241
195 245
165 244
183 245
187 254
212 238
208 241
178 246
198 253
202 240
172 249
191 250
176 252
196 247
183 256
200 242
188 256
186 249
205 246
206 252
207 246
209 243
211 243
180 248
181 246
184 251
185 243
174 251
185 257
194 248
195 250
217 248
183 242
169 250
187 247
188 255
192 250
212 245
198 244
199 254
202 251
203 251
173 254
176 243
177 251
196 254
200 249
217 243
205 239
209 244
210 250
211 248
181 255
185 244
204 253
174 258
179 245
889
194 243
214 246
219 249
170 243
188 246
190 246
192 241
194 237
208 239
198 239
199 247
173 256
203 240
173 247
177 252
197 241
201 246
171 253
191 246
216 248
209 237
210 245
181 248
182 254
185 253
186 245
204 244
206 240
175 249
179 250
180 244
175 256
184 239
180 256
215 245
170 250
189 249
190 249
193 254
212 251
213 243
217 250
183 254
168 248
187 251
199 236
192 238
202 237
177 257
208 252
177 245
178 253
196 236
197 250
198 248
202 247
171 242
172 252
191 255
187 256
210 236
182 241
186 252
204 243
205 251
206 251
207 235
209 248
211 236
180 243
184 246
215 242
174 246
219 247
189 242
193 247
194 255
195 247
214 250
183 247
169 247
187 240
201 236
203 238
208 243
178 244
178 257
198 243
200 238
172 251
176 254
196 241
200 244
216 246
205 244
207 240
209 241
211 245
180 250
181 244
184 253
185 241
174 249
175 245
194 246
195 252
169 248
170 246
188 249
192 252
212 247
213 239
208 234
172 256
187 239
197 236
199 248
202 249
203 253
172 242
173 252
191 237
176 245
177 249
196 248
197 246
200 251
201 243
205 237
207 249
209 234
210 248
211 250
181 253
185 250
206 239
174 256
175 242
179 256
179 247
194 241
214 244
188 240
189 254
190 244
192 243
193 251
168 243
188 238
198 237
199 241
201 238
203 242
201 250
173 245
177 242
201 244
171 255
191 240
210 243
182 252
216 244
186 243
204 246
206 246
207 236
175 251
179 252
180 246
175 258
184 241
180 258
215 247
170 248
189 247
190 255
193 252
195 240
213 241
183 248
187 253
199 238
202 235
203 235
217 246
178 251
196 238
197 248
198 254
167 243
202 245
171 244
172 254
191 249
176 249
196 244
210 234
182 247
186 250
204 237
205 249
206 249
207 245
211 238
180 253
184 248
184 257
174 244
220 249
189 240
193 245
194 253
195 249
213 250
214 248
183 241
218 247
169 245
187 242
188 252
193 239
171 256
208 245
183 239
178 242
198 241
199 253
202 252
172 245
176 240
196 243
200 246
217 247
205 242
207 242
209 247
211 247
181 242
184 255
185 247
186 239
206 234
174 255
175 247
201 253
179 240
194 244
195 254
214 243
170 244
188 251
190 243
192 254
194 238
212 241
213 237
208 236
172 258
199 250
173 259
173 250
191 239
176 247
177 255
196 250
197 244
200 253
201 241
171 248
191 245
205 235
207 251
210 246
181 251
182 251
185 248
186 246
204 249
206 237
175 252
179 258
179 249
201 251
215 248
218 249
188 242
189 252
190 250
192 245
193 249
212 248
213 246
183 253
168 245
176 257
199 243
202 238
203 244
173 243
208 249
177 240
178 254
197 253
167 244
171 241
191 242
210 241
182 242
186 241
204 240
206 244
207 238
209 251
211 235
179 254
180 240
184 243
215 241
174 243
181 257
189 245
190 253
193 242
195 242
183 250
169 242
187 255
189 239
203 237
212 237
208 240
178 249
178 258
198 252
202 243
171 246
172 248
191 251
176 251
196 246
183 257
200 241
182 245
186 248
204 239
205 247
207 247
211 240
180 255
181 247
182 239
184 250
174 250
182 257
194 251
195 251
213 248
183 243
218 245
187 244
188 254
192 249
193 237
212 244
208 247
178 240
197 239
198 247
202 250
203 248
221 249
172 247
173 255
176 242
196 253
166 242
205 240
207 252
209 245
211 249
181 240
185 245
204 252
174 253
175 241
179 242
190 239
194 242
186 256
214 241
170 242
188 245
190 241
192 240
212 243
208 238
198 238
199 244
173 257
203 241
173 248
177 253
197 242
201 247
171 250
200 248
191 247
209 238
210 244
181 249
182 249
185 254
186 244
204 251
206 243
175 254
179 251
175 257
215 250
216 243
170 253
189 250
190 248
192 247
193 255
212 250
213 244
183 255
168 247
187 248
176 259
199 237
192 237
202 236
203 246
177 258
173 241
208 251
177 246
178 252
197 251
198 251
201 248
202 246
171 243
191 252
216 249
210 239
182 240
186 255
204 242
205 252
206 250
209 249
211 237
180 242
184 245
195 238
215 243
174 241
189 243
193 240
194 254
195 244
217 249
183 244
187 241
203 239
212 239
208 242
178 247
178 256
198 242
200 237
202 241
172 250
176 253
196 240
200 243
205 245
207 241
209 242
211 242
180 249
181 245
184 252
185 242
174 248
185 256
194 249
195 253
169 249
187 246
188 248
192 251
212 246
197 237
198 245
199 249
202 248
203 250
172 241
173 253
176 244
177 250
197 247
200 250
216 247
205 238
209 235
210 251
211 251
181 254
185 251
206 238
174 259
175 243
179 257
179 244
194 240
214 247
219 248
188 247
189 255
190 247
192 242
168 242
198 236
199 246
203 243
173 246
177 243
197 240
201 245
171 252
191 241
209 236
210 242
182 255
185 252
186 242
204 245
206 241
207 237
175 248
179 253
180 245
175 259
184 240
180 257
215 244
170 251
189 248
190 254
193 253
195 241
213 242
183 249
187 250
199 239
192 239
201 237
177 256
177 244
178 250
196 237
197 249
198 249
202 244
171 245
172 253
191 254
176 248
210 237
182 246
216 245
186 253
204 236
205 250
206 248
207 234
211 239
180 252
184 247
185 239
184 256
174 247
219 246
220 248
189 241
193 246
194 252
195 246
183 246
218 246
169 246
187 243
217 245
208 244
178 245
198 240
200 239
172 244
176 255
196 242
200 245
204 235
205 243
207 243
209 240
211 244
180 251
181 243
184 254
185 240
186 238
174 254
175 244
220 247
179 241
194 247
214 242
170 247
188 250
190 242
192 253
212 240
213 238
208 235
172 257
187 238
199 251
201 239
203 252
172 243
173 251
217 244
176 246
177 248
196 249
197 245
200 252
201 242
171 249
205 236
207 248
190 256
210 249
181 252
182 250
185 249
204 248
206 236
174 257
175 253
201 252
179 246
214 245
215 249
218 248
188 241
189 253
190 245
192 244
193 250
213 247
214 239
168 244
188 239
176 256
199 240
203 245
173 244
208 248
177 241
197 254
167 245
171 254
191 243
210 240
182 253
186 240
204 247
206 247
207 239
175 250
179 255
180 247
181 239
184 242
195 237
215 246
174 242
181 258
170 249
189 246
190 252
193 243
195 243
213 240
183 251
169 243
187 252
212 236
178 248
196 239
167 242
202 242
171 247
172 255
191 248
176 250
196 245
200 240
210 235
182 244
186 251
204 238
205 248
207 244
211 241
180 254
184 249
216 241
174 245
182 256
193 244
194 250
195 248
213 249
214 249
183 240
218 244
169 244
187 245
188 253
192 248
193 238
208 246
178 243
198 246
199 252
202 253
203 249
172 246
176 241
196 252
200 247
189 256
205 241
209 246
211 246
181 241
185 246
206 235
174 252
175 246
179 243
190 238
194 245
214 240
170 245
188 244
190 240
192 255
194 239
212 242
208 237
216 242
199 245
173 258
173 249
191 238
177 254
196 251
197 243
201 240
171 251
191 244
207 250
209 239
210 247
181 250
182 248
185 255
186 247
204 250
206 242
175 255
179 248
170 252
188 243
189 251
190 251
192 246
193 248
212 249
213 245
183 252
168 246
187 249
176 258
199 242
202 239
203 247
173 242
208 250
177 247
178 255
216 250
197 252
198 250
201 249
200 249
191 253
210 238
182 243
186 254
204 241
206 245
209 250
211 234
180 241
184 244
195 239
215 240
181 256
189 244
193 241
195 245
183 245
187 254
189 238
203 236
212 238
208 241
178 246
198 253
200 236
202 240
172 249
191 250
176 252
196 247
183 256
200 242
188 256
186 249
205 246
206 252
207 246
209 243
211 243
180 248
181 246
184 251
185 243
174 251
185 257
194 248
195 250
217 248
183 242
169 250
187 247
188 255
192 250
212 245
178 241
197 238
198 244
199 254
201 235
202 251
203 251
173 254
176 243
177 251
196 254
166 243
217 243
205 239
209 244
210 250
211 248
181 255
185 244
174 258
179 245
1149
180 237
190 236
194 243
214 246
219 249
170 243
188 246
190 246
192 241
194 237
212 252
213 234
164 246
208 239
217 239
168 241
188 236
198 239
199 247
173 256
203 240
172 239
173 247
177 252
197 241
167 248
220 245
171 253
191 246
216 248
209 237
210 245
170 259
181 248
182 254
185 253
186 245
204 244
206 240
175 249
179 250
180 244
175 256
184 239
180 256
215 245
174 239
170 250
189 249
190 249
215 233
193 254
212 251
213 243
217 250
183 254
168 248
187 251
199 236
192 238
202 237
177 257
173 240
208 252
177 245
178 253
196 236
197 250
198 248
167 241
202 247
171 242
172 252
191 255
187 256
210 236
200 245
182 241
186 252
204 243
205 251
206 251
207 235
209 248
219 245
211 236
180 243
223 248
184 246
201 242
203 242
215 242
174 246
219 247
219 239
189 242
224 250
193 247
194 255
195 247
213 252
214 250
165 242
183 247
168 255
169 247
187 240
189 236
201 236
203 238
208 243
183 237
177 238
178 244
178 257
198 243
200 238
202 254
172 251
225 250
176 254
196 241
166 254
216 246
223 247
204 234
205 244
207 240
209 241
211 245
180 250
181 244
184 253
185 241
174 249
175 245
220 246
179 238
218 249
194 246
195 252
165 251
218 240
169 248
170 246
188 249
192 252
212 247
213 239
167 256
208 234
172 256
178 239
187 239
197 236
199 248
202 249
203 253
221 246
172 242
173 252
191 237
176 245
177 249
196 248
197 246
166 241
167 253
214 234
169 257
207 249
209 234
210 248
211 250
181 253
216 239
185 250
223 246
206 239
174 256
175 242
179 256
179 247
180 239
194 241
214 244
218 251
219 251
170 241
188 240
189 254
190 244
192 243
193 251
221 249
196 235
217 237
168 243
188 238
198 237
199 241
201 238
200 251
201 250
173 245
177 242
200 240
167 250
171 255
221 243
191 240
201 246
210 243
170 257
182 252
216 244
186 243
204 246
206 246
207 236
175 251
211 233
179 252
180 246
175 258
184 241
215 247
219 240
170 248
189 247
190 255
193 252
195 240
213 241
165 247
183 248
168 250
187 253
199 238
215 237
202 235
203 235
200 254
173 238
217 246
178 251
196 238
197 248
198 254
167 243
202 245
171 244
172 254
191 249
176 249
196 244
214 238
210 234
182 247
186 250
204 237
205 249
206 249
207 245
211 238
180 253
200 241
184 248
185 238
184 257
174 244
175 238
220 249
189 240
193 245
194 253
195 249
213 250
214 248
165 240
183 241
218 247
169 245
187 242
188 252
217 247
193 239
171 256
212 234
163 242
208 245
183 239
178 242
198 241
199 253
202 252
172 245
176 240
196 243
216 241
166 252
214 241
215 239
205 242
207 242
209 247
201 240
181 242
214 239
184 255
185 247
186 239
206 234
174 255
175 247
201 253
179 240
194 244
195 254
214 243
165 249
169 254
170 244
188 251
190 243
192 254
194 238
212 241
213 237
167 258
208 236
172 258
199 250
173 259
221 244
200 252
173 250
191 239
176 247
177 255
196 250
197 244
218 238
166 247
167 255
171 248
191 245
205 235
207 251
210 246
211 252
181 251
182 251
185 248
186 246
204 249
206 237
175 252
179 258
179 249
216 251
201 251
215 248
168 239
170 255
188 242
189 252
190 250
192 245
193 249
162 242
213 246
164 242
183 253
168 245
205 236
203 252
176 257
199 243
202 238
203 244
223 250
173 243
208 249
176 238
177 240
178 254
197 253
209 233
167 244
171 241
191 242
210 241
182 242
186 241
204 240
206 244
207 238
209 251
211 235
179 254
180 240
181 238
184 243
216 240
195 236
205 238
215 241
174 243
181 257
219 242
222 250
189 245
190 253
200 250
193 242
195 242
164 249
165 245
183 250
168 252
169 242
187 255
189 239
203 237
212 237
208 240
214 237
178 249
178 258
198 252
200 235
202 243
171 246
172 248
191 251
176 251
196 246
183 257
166 251
182 245
186 248
204 239
205 247
207 247
209 252
211 240
180 255
181 247
182 239
184 250
201 249
174 250
182 257
194 251
195 251
213 248
183 243
218 245
169 251
187 244
188 254
192 249
193 237
171 258
212 244
163 244
208 247
178 240
197 239
198 247
202 250
203 248
171 239
172 247
173 255
176 242
196 253
166 242
168 257
205 240
207 252
209 245
211 249
181 240
216 236
185 245
186 237
204 252
222 249
174 253
175 241
220 242
179 242
190 239
215 234
194 242
186 256
201 248
214 236
169 252
170 242
188 245
190 241
192 240
194 236
212 243
213 235
164 245
208 238
168 240
198 238
199 244
173 257
203 241
221 242
217 240
173 248
177 253
197 242
166 245
167 249
171 250
200 248
191 247
209 238
210 244
170 258
181 249
182 249
185 254
186 244
204 251
217 242
206 243
200 247
175 254
179 251
175 257
184 238
215 250
174 238
216 243
170 253
189 250
190 248
192 247
193 255
212 250
213 244
201 243
183 255
168 247
187 248
199 237
192 237
202 236
203 246
177 258
173 241
208 251
177 246
178 252
197 251
198 251
167 246
202 246
171 243
191 252
216 249
210 239
182 240
186 255
204 242
205 252
206 250
209 249
211 237
180 242
184 245
195 238
215 243
174 241
219 244
189 243
224 249
193 240
194 254
195 244
165 243
183 244
168 254
169 240
187 241
189 237
203 239
212 239
163 241
208 242
177 239
178 247
178 256
198 242
200 237
167 239
202 241
172 250
176 253
214 233
196 240
166 249
200 246
205 245
206 253
207 241
209 242
211 242
218 237
180 249
181 245
182 237
184 252
185 242
174 248
170 239
179 239
185 256
194 249
195 253
165 252
218 243
169 249
187 246
188 248
192 251
212 246
163 246
167 257
178 238
187 236
197 237
198 245
199 249
202 248
203 250
221 247
172 241
173 253
176 244
177 250
196 255
197 247
166 240
217 249
168 259
216 247
169 258
209 235
210 251
211 251
181 254
216 238
185 251
206 238
175 243
179 257
179 244
180 238
190 237
194 240
214 247
222 245
218 250
219 248
170 240
188 247
189 255
190 247
192 242
216 234
213 233
164 247
217 251
217 238
168 242
201 245
188 237
198 236
199 246
203 243
173 246
177 243
197 240
167 251
171 252
191 241
214 235
209 236
210 242
170 256
200 244
182 255
185 252
186 242
204 245
206 241
207 237
175 248
179 253
180 245
184 240
180 257
195 235
215 244
219 241
170 251
189 248
190 254
193 253
195 241
213 242
183 249
168 249
187 250
200 243
199 239
192 239
201 237
177 256
173 239
208 253
177 244
178 250
196 237
197 249
198 249
167 240
202 244
171 245
172 253
191 254
176 248
210 237
182 246
216 245
186 253
204 236
205 250
206 248
207 234
211 239
180 252
184 247
185 239
184 256
174 247
175 239
219 246
220 248
189 241
193 246
194 252
195 246
213 251
214 251
165 241
183 246
218 246
169 246
187 243
215 236
171 257
212 233
163 243
208 244
178 245
201 247
198 240
200 239
202 234
172 244
176 255
196 242
166 255
217 245
204 235
205 243
207 243
209 240
211 244
180 251
181 243
216 233
184 254
185 240
186 238
174 254
175 244
220 247
179 241
194 247
195 255
214 242
165 250
218 241
169 255
170 247
188 250
190 242
192 253
212 240
213 238
208 235
217 235
172 257
187 238
197 235
198 235
199 251
217 244
201 239
201 244
221 245
172 243
173 251
191 236
176 246
177 248
196 249
197 245
166 246
167 252
171 249
169 256
207 248
190 256
210 249
181 252
182 250
185 249
204 248
206 236
174 257
175 253
201 252
179 246
214 245
215 249
222 246
218 248
219 250
170 254
188 241
189 253
190 245
192 244
193 250
213 247
164 241
211 247
217 236
168 244
188 239
176 256
199 240
203 245
200 253
173 244
208 248
177 241
201 241
197 254
218 239
167 245
171 254
191 243
210 240
182 253
186 240
204 247
206 247
207 239
175 250
179 255
180 247
181 239
184 242
195 237
215 246
174 242
219 243
170 249
189 246
190 252
193 243
195 243
213 240
164 248
165 246
183 251
168 251
169 243
187 252
203 234
212 236
178 248
196 239
167 242
202 242
171 247
172 255
191 248
176 250
196 245
166 250
210 235
205 239
182 244
186 251
204 238
205 248
207 244
211 241
212 248
180 254
182 238
184 249
185 237
174 245
200 242
201 254
182 256
193 244
194 250
195 248
213 249
214 249
183 240
218 244
169 244
187 245
188 253
192 248
193 238
171 259
212 235
163 245
208 246
183 238
178 243
198 246
199 252
202 253
203 249
221 250
172 246
217 241
176 241
196 252
166 253
168 256
189 256
205 241
207 253
209 246
210 252
211 246
181 241
216 235
185 246
206 235
174 252
175 246
220 241
179 243
190 238
212 249
194 245
214 240
165 248
169 253
170 245
188 244
190 240
192 255
220 250
194 239
212 242
213 236
164 244
208 237
172 259
205 237
216 242
199 245
173 258
215 238
173 249
191 238
177 254
196 251
197 243
166 244
167 254
171 251
191 244
205 234
207 250
209 239
210 247
181 250
182 248
185 255
186 247
204 250
206 242
175 255
179 248
184 237
215 251
170 252
188 243
189 251
190 251
192 246
193 248
162 243
213 245
164 243
183 252
168 246
222 247
187 249
176 258
199 242
192 236
202 239
203 247
173 242
208 250
176 239
177 247
178 255
216 250
197 252
198 250
166 239
167 247
171 240
200 249
191 253
210 238
182 243
186 254
204 241
205 253
206 245
209 250
211 234
180 241
181 237
184 244
195 239
215 240
174 240
181 256
169 239
189 244
224 248
193 241
195 245
165 244
183 245
168 253
169 241
187 254
189 238
199 235
203 236
212 238
208 241
178 246
198 253
200 236
202 240
223 249
172 249
191 250
176 252
222 244
196 247
183 256
166 248
210 233
188 256
186 249
205 246
206 252
207 246
209 243
211 243
180 248
181 246
184 251
185 243
222 248
174 251
220 244
215 235
194 248
195 250
217 248
183 242
218 242
169 250
187 247
188 255
192 250
193 236
212 245
178 241
187 237
197 238
198 244
199 254
201 235
202 251
203 251
221 248
172 240
173 254
176 243
177 251
196 254
166 243
217 243
168 258
169 259
209 244
210 250
211 248
181 255
216 237
185 244
204 253
174 258
175 240
220 243
179 245
